0.09591379487649497
0.002131583190502606
0.02110584547515896
0.0005919258791176147
-0.006025470411167034
-2.343743175440595e-6
0.001971879271879272
-0.00007369955652004705
-0.518814795702276
-0.025718195702262324
-0.08223625384354835
-0.0064618876374694136
0.036781361550575806
0.00010654946447202773
-0.015795414885199005
0.0007490797367692634
0.7414728752160119
0.07094396503761148
0.06381233182249711
0.019779811502268
-0.043530754390175855
-0.00007925100439603455
0.020920683614606552
-0.002689358297367328
-0.3673362184446632
-0.0644444707380267
-0.00039574694821662993
-0.022975912679198424
0.0030521689840305663
-0.0003401796479447928
0.0038930305376148797
0.004318105084622673
0.10149765066428815
0.016581458318545857
0.0066185215202307635
0.009121545883343738
0.0027765683538032854
0.0002980600617285814
-0.008731974708022585
-0.0024648266053281407
