0.3060118910182409  4.7003602789074295
0.36939217270838165  4.7003602789074295
0.41167166936042465  4.197114523817265
0.487728007388594  4.197114523817265
0.5173227891941815  3.8919202673929414
0.5680183560378668  4.0416376730001025
0.6187225813899794  4.0416376730001025
0.6652101131378435  3.8919202673929414
0.7243477256984531  4.197114523817265
0.7708265989378896  4.197114523817265
0.8088720849688295  3.8919202673929414
0.8595936273377972  3.6089182894079648
0.9229825675363658  3.4752304314022955
0.9736867928884784  3.4752304314022955
1.0497864234587855  2.8775070307970494
1.138536134841838  2.6682683708471284
1.2315111983375662  2.4742445535888384
1.3287375894712539  2.0486860481335984
1.438622719926114  1.8293427433528584
1.548516508889402  1.572973157300796
1.6372835372893095  1.3525319749835323
1.7429519741399213  1.1629840819992032
1.835935696144078  1.0384687751343495
1.9458294851073656  0.8929346421914818
2.043047217732625  0.767796099716601
2.157183675825445  0.6121886110964037
2.237491341491572  0.5466444184030684
2.3389863772800736  0.37477489555614485
2.448871507734934  0.33464948726577687
2.546097898868622  0.2770913386803348
2.6433329485107366  0.22093386751530752
2.740559339644424  0.18293427433528583
2.846253752020319  0.14045622233911945
2.935020780420226  0.12077226551344598
3.0745526437312396  0.07973322752256311
3.3154929577464785  0.05263946605735421
3.501503694296929  0.03475230431402294
3.691783075502193  0.018997153179905572
3.890443892865389  0.01404562223391193
4.0891393442622945  0.008929346421914827
