-1.4  -7.82  0.9580487606905532
-1.4  -7.64  0.9580486365674797
-1.4  -7.46  0.9580484586537857
-1.4  -7.28  0.9580482036416821
-1.4  -7.1  0.9580478381328903
-1.4  -6.92  0.9580473142409252
-1.4  -6.74  0.9580465633209602
-1.4  -6.56  0.9580454870158459
-1.4  -6.38  0.9580439443149673
-1.4  -6.2  0.9580417331209028
-1.4  -6.02  0.9580385637638618
-1.4  -5.84  0.958034021052828
-1.4  -5.66  0.9580275098991978
-1.4  -5.48  0.958018177366209
-1.4  -5.3  0.9580048009698129
-1.4  -5.12  0.9579856285921284
-1.4  -4.94  0.9579581490914383
-1.4  -4.76  0.9579187636235453
-1.4  -4.58  0.9578623147852277
-1.4  -4.4  0.957781412260022
-1.4  -4.22  0.9576654670409543
-1.4  -4.04  0.9574993097770133
-1.4  -3.86  0.9572612141847509
-1.4  -3.68  0.9569200731411284
-1.4  -3.5  0.9564313691253263
-1.4  -3.32  0.955731436510345
-1.4  -3.14  0.9547293388350823
-1.4  -2.96  0.9532952421567696
-1.4  -2.78  0.9512443750775532
-1.4  -2.6  0.9483143612367051
-1.4  -2.42  0.9441342222126464
-1.4  -2.24  0.9381825627544085
-1.4  -2.06  0.9297329521487756
-1.4  -1.88  0.9177860942253011
-1.4  -1.7  0.9009929161549118
-1.4  -1.52  0.8775825275984827
-1.4  -1.34  0.8453285163027486
-1.4  -1.16  0.8016182316136382
-1.4  -0.98  0.7437329860599298
-1.4  -0.8  0.6694779246006176
-1.4  -0.62  0.5782573733041412
-1.4  -0.44  0.47246599777773446
-1.4  -0.26  0.3585961775978451
-1.4  -0.08  0.24699803203778728
-1.4  0.1  0.14949024788871804
-1.4  0.28  0.07544809099433211
-1.4  0.46  0.028425233632896806
-1.4  0.64  0.005175654793877657
-1.4  0.82  -0.002288444102688378
-1.4  1.  -0.0025177661038099123