-2.8  -7.82  0.9970008247651063
-2.8  -7.64  0.9970006972726584
-2.8  -7.46  0.997000514498485
-2.8  -7.28  0.9970002525238886
-2.8  -7.1  0.9969998770383632
-2.8  -6.92  0.9969993388525313
-2.8  -6.74  0.9969985674507401
-2.8  -6.56  0.9969974617781507
-2.8  -6.38  0.9969958769882877
-2.8  -6.2  0.9969936054659313
-2.8  -6.02  0.9969903496409296
-2.8  -5.84  0.9969856829911392
-2.8  -5.66  0.9969789941945393
-2.8  -5.48  0.9969694070425477
-2.8  -5.3  0.9969556656973982
-2.8  -5.12  0.9969359702363941
-2.8  -4.94  0.9969077410025361
-2.8  -4.76  0.996867280956127
-2.8  -4.58  0.9968092919653885
-2.8  -4.4  0.9967261820039397
-2.8  -4.22  0.9966070731777549
-2.8  -4.04  0.9964363820637318
-2.8  -3.86  0.9961917892353368
-2.8  -3.68  0.9958413382358015
-2.8  -3.5  0.9953392955777722
-2.8  -3.32  0.994620255564659
-2.8  -3.14  0.9935907678269494
-2.8  -2.96  0.992117498009717
-2.8  -2.78  0.9900105864687015
-2.8  -2.6  0.9870004342186901
-2.8  -2.42  0.9827058483295
-2.8  -2.24  0.9765909858728863
-2.8  -2.06  0.9679091794025069
-2.8  -1.88  0.9556329864380547
-2.8  -1.7  0.9383747948923673
-2.8  -1.52  0.9143120567719683
-2.8  -1.34  0.8811510445154547
-2.8  -1.16  0.8361956468053556
-2.8  -0.98  0.7766311660441881
-2.8  -0.8  0.7001660455577949
-2.8  -0.62  0.6061318188834146
-2.8  -0.44  0.4969135582062535
-2.8  -0.26  0.3791046837893691
-2.8  -0.08  0.2633019153634388
-2.8  0.1  0.1617066355614248
-2.8  0.28  0.08413456242888313
-2.8  0.46  0.03449328668793896
-2.8  0.64  0.009644543938578672
-2.8  0.82  0.0013944663906361415
-2.8  1.  0.0007939186682265732