-4.  -7.82  0.9997220086510915
-4.  -7.64  0.9997218809163616
-4.  -7.46  0.9997216978628917
-4.  -7.28  0.9997214354816101
-4.  -7.1  0.9997210593936863
-4.  -6.92  0.9997205203463555
-4.  -6.74  0.99971974771071
-4.  -6.56  0.9997186402714227
-4.  -6.38  0.9997170529493535
-4.  -6.2  0.9997147777946304
-4.  -6.02  0.9997115167641413
-4.  -5.84  0.9997068426535478
-4.  -5.66  0.9997001431628002
-4.  -5.48  0.9996905406831945
-4.  -5.3  0.9996767773684544
-4.  -5.12  0.9996570504185031
-4.  -4.94  0.9996287760515722
-4.  -4.76  0.999588251316696
-4.  -4.58  0.9995301696111856
-4.  -4.4  0.9994469267670897
-4.  -4.22  0.9993276274948895
-4.  -4.04  0.9991566642747091
-4.  -3.86  0.9989116803658219
-4.  -3.68  0.9985606689358908
-4.  -3.5  0.9980578232703672
-4.  -3.32  0.997337632988247
-4.  -3.14  0.9963064979437009
-4.  -2.96  0.9948308698612494
-4.  -2.78  0.9927205843760049
-4.  -2.6  0.9897056063793137
-4.  -2.42  0.9854041307003751
-4.  -2.24  0.9792794417474178
-4.  -2.06  0.970583654164765
-4.  -1.88  0.9582876297849641
-4.  -1.7  0.9410014342689406
-4.  -1.52  0.9168994003534144
-4.  -1.34  0.8836837406408826
-4.  -1.16  0.8386532959276706
-4.  -0.98  0.7789875468533081
-4.  -0.8  0.7023890401586923
-4.  -0.62  0.6081848008907068
-4.  -0.44  0.4987591280500089
-4.  -0.26  0.3807112428377566
-4.  -0.08  0.26465232075317185
-4.  0.1  0.16280644188228677
-4.  0.28  0.08501548479663044
-4.  0.46  0.0352080528315602
-4.  0.64  0.010252022683404067
-4.  0.82  0.0019405853730719044
-4.  1.  0.0012997374821244955