-6.  -7.82  0.9999946014567391
-6.  -7.64  0.9999944737015722
-6.  -7.46  0.9999942906172845
-6.  -7.28  0.9999940281959973
-6.  -7.1  0.9999936520489485
-6.  -6.92  0.9999931129176183
-6.  -6.74  0.9999923401607221
-6.  -6.56  0.9999912325481242
-6.  -6.38  0.9999896449775141
-6.  -6.2  0.999987369466604
-6.  -6.02  0.9999841079254874
-6.  -5.84  0.9999794330830838
-6.  -5.66  0.9999727325433475
-6.  -5.48  0.9999631285602182
-6.  -5.3  0.9999493630904707
-6.  -5.12  0.9999296330517421
-6.  -4.94  0.9999013542576798
-6.  -4.76  0.9998608231774584
-6.  -4.58  0.9998027323774419
-6.  -4.4  0.9997194764987947
-6.  -4.22  0.9996001585456372
-6.  -4.04  0.9994291677257731
-6.  -3.86  0.9991841462548157
-6.  -3.68  0.9988330798498798
-6.  -3.5  0.9983301554326561
-6.  -3.32  0.997609852322139
-6.  -3.14  0.9965785556951069
-6.  -2.96  0.9951026962873316
-6.  -2.78  0.9929920794523898
-6.  -2.6  0.9899766283935483
-6.  -2.42  0.9856744767918183
-6.  -2.24  0.979548824264963
-6.  -2.06  0.9708516652358724
-6.  -1.88  0.9585536956097287
-6.  -1.7  0.9412647530262357
-6.  -1.52  0.9171588644348264
-6.  -1.34  0.8839378440456196
-6.  -1.16  0.838900037330888
-6.  -0.98  0.7792243536173862
-6.  -0.8  0.7026127603715908
-6.  -0.62  0.6083918398203878
-6.  -0.44  0.4989458132061544
-6.  -0.26  0.38087446721985024
-6.  -0.08  0.26479039665740445
-6.  0.1  0.16291989775686297
-6.  0.28  0.08510741527225663
-6.  0.46  0.03528360861751695
-6.  0.64  0.010316955260474192
-6.  0.82  0.0019993513416257888
-6.  1.  0.0013543680150251826