-7.  -7.82  0.9999990097915911
-7.  -7.64  0.9999988820353382
-7.  -7.46  0.9999986989525795
-7.  -7.28  0.9999984365297678
-7.  -7.1  0.9999980603816988
-7.  -6.92  0.9999975212490292
-7.  -6.74  0.9999967484900788
-7.  -6.56  0.9999956408747106
-7.  -6.38  0.9999940533001792
-7.  -6.2  0.9999917777835038
-7.  -6.02  0.9999885162341544
-7.  -5.84  0.9999838413799448
-7.  -5.66  0.9999771408232809
-7.  -5.48  0.9999675368158956
-7.  -5.3  0.9999537713113833
-7.  -5.12  0.9999340412228225
-7.  -4.94  0.999905762357327
-7.  -4.76  0.9998652311747294
-7.  -4.58  0.9998071402279762
-7.  -4.4  0.9997238841390154
-7.  -4.22  0.999604565884451
-7.  -4.04  0.9994335746326473
-7.  -3.86  0.999188552542665
-7.  -3.68  0.9988374852507348
-7.  -3.5  0.9983345595626906
-7.  -3.32  0.9976142546317325
-7.  -3.14  0.9965829553976433
-7.  -2.96  0.9951070922600651
-7.  -2.78  0.992996470082303
-7.  -2.6  0.9899810113828974
-7.  -2.42  0.9856788488010907
-7.  -2.24  0.9795531808037969
-7.  -2.06  0.9708559996433221
-7.  -1.88  0.9585579986354044
-7.  -1.7  0.941269011624696
-7.  -1.52  0.917163060944584
-7.  -1.34  0.8839419540622513
-7.  -1.16  0.8389040285636453
-7.  -0.98  0.7792281845511397
-7.  -0.8  0.702616380154922
-7.  -0.62  0.6083951904566465
-7.  -0.44  0.49894883542575524
-7.  -0.26  0.38087711089031845
-7.  -0.08  0.26479263451726687
-7.  0.1  0.16292173833401083
-7.  0.28  0.08510890846046436
-7.  0.46  0.03528483747659758
-7.  0.64  0.010318012475286473
-7.  0.82  0.0020003088456087307
-7.  1.  0.0013552594930196027