-7.8  -7.82  0.9999995604945382
-7.8  -7.64  0.9999994327362154
-7.8  -7.46  0.9999992496547684
-7.8  -7.28  0.999998987231717
-7.8  -7.1  0.9999986110835872
-7.8  -6.92  0.9999980719507459
-7.8  -6.74  0.9999972991915373
-7.8  -6.56  0.99999619157583
-7.8  -6.38  0.9999946040008003
-7.8  -6.2  0.9999923284833739
-7.8  -6.02  0.99998906693303
-7.8  -5.84  0.9999843920773461
-7.8  -5.66  0.9999776915185716
-7.8  -5.48  0.9999680875081435
-7.8  -5.3  0.9999543219992931
-7.8  -5.12  0.9999345919045022
-7.8  -4.94  0.9999063130300879
-7.8  -4.76  0.9998657818346994
-7.8  -4.58  0.9998076908696235
-7.8  -4.4  0.9997244347543921
-7.8  -4.22  0.999605116462175
-7.8  -4.04  0.9994341251564062
-7.8  -3.86  0.9991891029891011
-7.8  -3.68  0.9988380355863711
-7.8  -3.5  0.9983351097395782
-7.8  -3.32  0.9976148045812221
-7.8  -3.14  0.9965835050214613
-7.8  -2.96  0.9951076414176703
-7.8  -2.78  0.9929970185727851
-7.8  -2.6  0.9899815589196057
-7.8  -2.42  0.9856793949755761
-7.8  -2.24  0.9795537250357003
-7.8  -2.06  0.9708565411111464
-7.8  -1.88  0.9585585361825091
-7.8  -1.7  0.9412695436351981
-7.8  -1.52  0.9171635851860553
-7.8  -1.34  0.8839424674992037
-7.8  -1.16  0.8389045271624066
-7.8  -0.98  0.7792286631263152
-7.8  -0.8  0.7026168323544086
-7.8  -0.62  0.6083956090343476
-7.8  -0.44  0.49894921297842426
-7.8  -0.26  0.3808774411555896
-7.8  -0.08  0.2647929140894591
-7.8  0.1  0.16292196827866912
-7.8  0.28  0.08510909500211557
-7.8  0.46  0.03528499100604714
-7.8  0.64  0.010318144563711754
-7.8  0.82  0.0020004284941366234
-7.8  1.  0.0013553707725942887