0.8  -7.82  0.09996995335969272
0.8  -7.64  0.09996993366511729
0.8  -7.46  0.09996990543924884
0.8  -7.28  0.09996986498015221
0.8  -7.1  0.0999698069905237
0.8  -6.92  0.09996972387198781
0.8  -6.74  0.09996960473558604
0.8  -6.56  0.09996943397476092
0.8  -6.38  0.09996918921835501
0.8  -6.2  0.09996883840318384
0.8  -6.02  0.09996833557159446
0.8  -5.84  0.099967614853268
0.8  -5.66  0.09996658183638163
0.8  -5.48  0.09996510120335761
0.8  -5.3  0.09996297901032557
0.8  -5.12  0.09995993729505816
0.8  -4.94  0.09995557769228233
0.8  -4.76  0.09994932930937923
0.8  -4.58  0.0999403740646548
0.8  -4.4  0.09992753978392199
0.8  -4.22  0.09990914719150909
0.8  -4.04  0.0998827910283255
0.8  -3.86  0.09984502729791547
0.8  -3.68  0.09979092663868103
0.8  -3.5  0.09971343872899037
0.8  -3.32  0.09960248833217675
0.8  -3.14  0.09944369759512112
0.8  -2.96  0.09921658034050772
0.8  -2.78  0.09889203844061245
0.8  -2.6  0.098428893468266
0.8  -2.42  0.09776920294261016
0.8  -2.24  0.09683209772598039
0.8  -2.06  0.09550606720356865
0.8  -1.88  0.09364006514508258
0.8  -1.7  0.09103489696710915
0.8  -1.52  0.08743854586971306
0.8  -1.34  0.08255287755710435
0.8  -1.16  0.07606484203529418
0.8  -0.98  0.06772081771139482
0.8  -0.8  0.057461457786517824
0.8  -0.62  0.045610061594141445
0.8  -0.44  0.033041687093772004
0.8  -0.26  0.021163645649964338
0.8  -0.08  0.011520709889836209
0.8  0.1  0.005083157348339623
0.8  0.28  0.0017223726449143442
0.8  0.46  0.00042507667817465975
0.8  0.64  0.00007323488458793572
0.8  0.82  7.633109293615861e-6
0.8  1.  6.347466501060736e-7