1.2  -7.82  0.01291480207841618
1.2  -7.64  0.01291479889008035
1.2  -7.46  0.012914794320342038
1.2  -7.28  0.012914787770253337
1.2  -7.1  0.012914778382003398
1.2  -6.92  0.012914764925527546
1.2  -6.74  0.012914745637931501
1.2  -6.56  0.012914717992521555
1.2  -6.38  0.012914678367658293
1.2  -6.2  0.012914621572405551
1.2  -6.02  0.012914540166546994
1.2  -5.84  0.012914423486066862
1.2  -5.66  0.012914256246414506
1.2  -5.48  0.012914016540836149
1.2  -5.3  0.01291367297185811
1.2  -5.12  0.012913180540934608
1.2  -4.94  0.012912474759306219
1.2  -4.76  0.012911463207142529
1.2  -4.58  0.01291001347021909
1.2  -4.4  0.012907935815216676
1.2  -4.22  0.012904958458503835
1.2  -4.04  0.012900692168004931
1.2  -3.86  0.012894579740352907
1.2  -3.68  0.012885823931632437
1.2  -3.5  0.012873284676934372
1.2  -3.32  0.012855333940153065
1.2  -3.14  0.012829650068327628
1.2  -2.96  0.012792929773470947
1.2  -2.78  0.012740488212109883
1.2  -2.6  0.01266571223621673
1.2  -2.42  0.012559330637550822
1.2  -2.24  0.012408467914946958
1.2  -2.06  0.01219551589512022
1.2  -1.88  0.0118968971064331
1.2  -1.7  0.01148208655337991
1.2  -1.52  0.010913594145575287
1.2  -1.34  0.010149325705697486
1.2  -1.16  0.009149606357530001
1.2  -0.98  0.007891719066571382
1.2  -0.8  0.006393529869526846
1.2  -0.62  0.004741621641019513
1.2  -0.44  0.0031061525384262594
1.2  -0.26  0.0017111079306373986
1.2  -0.08  0.000741030127015009
1.2  0.1  0.00023016165423982634
1.2  0.28  0.0000455614452181613
1.2  0.46  5.348138939258835e-6
1.2  0.64  5.744725343786109e-7
1.2  0.82  5.8785862904065135e-8
1.2  1.  -5.148899591749042e-9