0.00000 
0.06343 
-0.00000 
-0.00000 
-0.00000 
-0.00832 
-0.00000 
-0.00000 
-0.00000 
-0.00119 
0.00000 
-0.00428 
0.00000 
-0.00000 
-0.00000 
-0.00394 
-0.00000 
0.00000 
-0.00000 
-0.00088 
-0.00000 
-0.00559 
0.00000 
-0.00000 
-0.00000 
-0.00077 
-0.00000 
0.00000 
-0.00000 
-0.00039 
0.00000 
0.00443 
0.00000 
0.00000 
0.00000 
0.00020 
0.00000 
0.00000 
0.00000 
-0.00005 
-0.00000 
-0.00103 
0.00000 
-0.00000 
0.00000 
0.00027 
0.00000 
-0.00000 
0.00000 
0.00009 
0.00000 
0.00078 
0.00000 
0.00000 
0.00000 
0.00010 
-0.00000 
0.00000 
0.00000 
0.00008 
-0.00000 
-0.00057 
0.00000 
-0.00000 
0.00000 
-0.00002 
-0.00000 
0.00000 
0.00000 
0.00002 
0.00000 
0.00024 
-0.00000 
-0.00000 
-0.00000 
-0.00005 
-0.00000 
0.00000 
-0.00000 
-0.00002 
-0.00000 
-0.00019 
0.00000 
-0.00000 
-0.00000 
-0.00003 
0.00000 
0.00000 
-0.00000 
-0.00003 
0.00000 
0.00016 
0.00000 
0.00000 
-0.00000 
0.00001 
-0.00000 
0.00000 
0.00000 
-0.00001 
-0.00000 
-0.00009 
-0.00000 
0.00000 
0.00000 
0.00002 
0.00000 
0.00000 
-0.00000 
0.00001 
-0.00000 
-0.46812 
0.00000 
0.00000 
0.00000 
0.03610 
0.00000 
-0.00000 
0.00000 
0.01143 
-0.00000 
0.04087 
-0.00000 
0.00000 
0.00000 
0.02778 
-0.00000 
-0.00000 
0.00000 
0.01006 
0.00000 
0.01881 
0.00000 
-0.00000 
0.00000 
0.00777 
0.00000 
0.00000 
0.00000 
0.00487 
-0.00000 
-0.02841 
-0.00000 
0.00000 
-0.00000 
-0.00215 
-0.00000 
-0.00000 
0.00000 
0.00063 
0.00000 
0.00909 
-0.00000 
0.00000 
-0.00000 
-0.00332 
-0.00000 
0.00000 
-0.00000 
-0.00115 
-0.00000 
-0.00880 
-0.00000 
0.00000 
-0.00000 
-0.00134 
0.00000 
-0.00000 
-0.00000 
-0.00106 
0.00000 
0.00716 
-0.00000 
0.00000 
0.00000 
0.00029 
0.00000 
-0.00000 
-0.00000 
-0.00030 
-0.00000 
-0.00324 
-0.00000 
-0.00000 
0.00000 
0.00070 
0.00000 
-0.00000 
0.00000 
0.00026 
0.00000 
0.00267 
0.00000 
0.00000 
0.00000 
0.00036 
-0.00000 
0.00000 
0.00000 
0.00035 
-0.00000 
-0.00220 
0.00000 
0.00000 
-0.00000 
-0.00007 
0.00000 
-0.00000 
0.00000 
0.00014 
0.00000 
0.00122 
0.00000 
0.00000 
-0.00000 
-0.00023 
-0.00000 
-0.00000 
-0.00000 
-0.00009 
0.00000 
0.75832 
0.00000 
-0.00000 
0.00000 
-0.00731 
0.00000 
-0.00000 
-0.00000 
-0.01733 
0.00000 
-0.08704 
-0.00000 
0.00000 
-0.00000 
-0.02965 
-0.00000 
0.00000 
-0.00000 
-0.02045 
-0.00000 
0.02212 
0.00000 
-0.00000 
-0.00000 
-0.01286 
-0.00000 
0.00000 
-0.00000 
-0.01217 
0.00000 
0.01883 
0.00000 
0.00000 
0.00000 
0.00412 
0.00000 
0.00000 
-0.00000 
-0.00196 
-0.00000 
-0.00954 
-0.00000 
-0.00000 
0.00000 
0.00837 
0.00000 
0.00000 
0.00000 
0.00351 
0.00000 
0.01644 
-0.00000 
0.00000 
0.00000 
0.00399 
0.00000 
-0.00000 
0.00000 
0.00356 
-0.00000 
-0.01720 
0.00000 
0.00000 
-0.00000 
-0.00086 
0.00000 
0.00000 
0.00000 
0.00110 
0.00000 
0.00908 
-0.00000 
-0.00000 
-0.00000 
-0.00238 
-0.00000 
-0.00000 
-0.00000 
-0.00090 
-0.00000 
-0.00858 
-0.00000 
-0.00000 
-0.00000 
-0.00131 
-0.00000 
0.00000 
-0.00000 
-0.00127 
0.00000 
0.00764 
0.00000 
0.00000 
0.00000 
0.00025 
0.00000 
-0.00000 
-0.00000 
-0.00053 
-0.00000 
-0.00454 
-0.00000 
-0.00000 
0.00000 
0.00085 
-0.00000 
-0.00000 
0.00000 
0.00031 
-0.00000 
-0.39723 
0.00000 
0.00000 
-0.00000 
-0.03321 
0.00000 
-0.00000 
-0.00000 
0.00219 
-0.00000 
0.06598 
-0.00000 
0.00000 
-0.00000 
-0.00599 
-0.00000 
0.00000 
0.00000 
0.00862 
-0.00000 
-0.05755 
0.00000 
-0.00000 
-0.00000 
0.00289 
-0.00000 
-0.00000 
0.00000 
0.00780 
0.00000 
0.02654 
0.00000 
-0.00000 
-0.00000 
-0.00151 
0.00000 
-0.00000 
0.00000 
0.00175 
-0.00000 
-0.00778 
-0.00000 
-0.00000 
-0.00000 
-0.00554 
0.00000 
-0.00000 
-0.00000 
-0.00321 
-0.00000 
-0.00329 
-0.00000 
0.00000 
-0.00000 
-0.00338 
-0.00000 
0.00000 
-0.00000 
-0.00380 
0.00000 
0.00921 
0.00000 
0.00000 
0.00000 
0.00072 
-0.00000 
-0.00000 
-0.00000 
-0.00135 
-0.00000 
-0.00645 
0.00000 
0.00000 
0.00000 
0.00260 
-0.00000 
0.00000 
0.00000 
0.00108 
0.00000 
0.00797 
0.00000 
0.00000 
0.00000 
0.00157 
0.00000 
-0.00000 
0.00000 
0.00167 
-0.00000 
-0.00828 
-0.00000 
-0.00000 
-0.00000 
-0.00027 
-0.00000 
0.00000 
-0.00000 
0.00074 
0.00000 
0.00553 
0.00000 
0.00000 
0.00000 
-0.00114 
0.00000 
0.00000 
0.00000 
-0.00041 
0.00000 
0.12652 
-0.00000 
-0.00000 
0.00000 
-0.00042 
-0.00000 
0.00000 
0.00000 
0.00247 
0.00000 
-0.02079 
0.00000 
-0.00000 
0.00000 
0.00392 
0.00000 
-0.00000 
0.00000 
0.00206 
-0.00000 
0.01196 
-0.00000 
0.00000 
0.00000 
0.00158 
0.00000 
-0.00000 
0.00000 
0.00023 
-0.00000 
-0.01184 
-0.00000 
0.00000 
0.00000 
-0.00045 
-0.00000 
0.00000 
-0.00000 
-0.00024 
0.00000 
0.00712 
0.00000 
0.00000 
0.00000 
-0.00006 
-0.00000 
0.00000 
0.00000 
0.00058 
0.00000 
-0.00478 
0.00000 
-0.00000 
0.00000 
0.00041 
0.00000 
-0.00000 
0.00000 
0.00104 
-0.00000 
0.00206 
-0.00000 
-0.00000 
-0.00000 
-0.00008 
-0.00000 
0.00000 
-0.00000 
0.00048 
-0.00000 
-0.00025 
-0.00000 
-0.00000 
-0.00000 
-0.00073 
0.00000 
-0.00000 
-0.00000 
-0.00040 
-0.00000 
-0.00125 
-0.00000 
-0.00000 
-0.00000 
-0.00055 
-0.00000 
0.00000 
-0.00000 
-0.00071 
0.00000 
0.00220 
0.00000 
0.00000 
0.00000 
0.00007 
0.00000 
-0.00000 
0.00000 
-0.00035 
-0.00000 
-0.00190 
-0.00000 
-0.00000 
-0.00000 
0.00050 
-0.00000 
-0.00000 
-0.00000 
0.00019 
