0.0860969
0.00184589
0.000220877
0.0185031
0.000516921
0.000127952
-0.00502867
2.67806e-06
2.4901e-05
0.00155625
-6.61457e-05
-1.92911e-05
-0.000804886
-3.27225e-05
-1.65877e-05
0.000431906
7.19316e-06
-1.75043e-06
-0.00022222
1.13568e-05
4.80158e-06
0.000149686
3.5265e-06
2.90866e-06
-0.000107723
-2.95686e-06
-4.00246e-07
7.17187e-05
-2.20016e-06
-1.2992e-06
-5.38055e-05
-1.60021e-07
-4.67079e-07
-0.489364
-0.0232891
-0.00262757
-0.0719717
-0.00590104
-0.00139714
0.0307942
3.5974e-05
-0.00025457
-0.0120415
0.000732981
0.00023597
0.00787095
0.000358441
0.00021105
-0.00451635
-9.95269e-05
2.02496e-05
0.00231284
-0.000143807
-7.95095e-05
-0.0015264
-4.83504e-05
-5.25357e-05
0.00109537
5.00466e-05
9.79248e-06
-0.000700727
4.02159e-05
3.14572e-05
0.000515781
1.92954e-06
1.22419e-05
0.744251
0.0686949
0.00983501
0.0468484
0.0192122
0.00488636
-0.0326066
6.73845e-05
0.000787699
0.0135589
-0.00276127
-0.00071898
-0.01702
-0.00108411
-0.000585336
0.0122164
0.000297837
-4.84928e-05
-0.00698673
0.000404777
0.000214684
0.00501595
0.000127619
0.000141567
-0.00370607
-0.000137652
-2.88616e-05
0.00244193
-0.000105814
-9.27603e-05
-0.00178078
-6.2004e-06
-3.75358e-05
-0.403752
-0.0689596
-0.0148269
0.0153646
-0.0246745
-0.00815254
-0.00590303
-0.00034777
-0.00136966
0.00992644
0.00481599
0.00123173
0.00838815
0.00177853
0.000946191
-0.00994353
-0.000445322
7.28895e-05
0.00631369
-0.000697207
-0.000297447
-0.00574039
-0.000172144
-0.000181315
0.00490491
0.000179974
3.43112e-05
-0.00347896
0.000141086
0.000106924
0.00270071
5.268e-06
4.2412e-05
0.111617
0.0211646
0.00770314
0.00152788
0.0112009
0.00503886
0.00620772
0.000212686
0.00094936
-0.0115773
-0.00298944
-0.000874035
0.00197977
-0.00119939
-0.000689188
0.00120739
0.000286264
-5.58814e-05
-0.000849809
0.000527811
0.000201724
0.00186434
0.000112597
0.000115344
-0.00217859
-0.000112918
-1.84268e-05
0.0016973
-9.64293e-05
-5.46358e-05
-0.001462
-8.90393e-08
-1.98504e-05
