-0.2  -7.82  0.6755186433905015
-0.2  -7.64  0.6755185489193156
-0.2  -7.46  0.6755184135195715
-0.2  -7.28  0.6755182194456653
-0.2  -7.1  0.6755179412743464
-0.2  -6.92  0.675517542563866
-0.2  -6.74  0.6755169710769879
-0.2  -6.56  0.6755161519515938
-0.2  -6.38  0.6755149778789878
-0.2  -6.2  0.6755132950475664
-0.2  -6.02  0.675510883005885
-0.2  -5.84  0.6755074257735497
-0.2  -5.66  0.6755024704585126
-0.2  -5.48  0.6754953679367657
-0.2  -5.3  0.6754851878423778
-0.2  -5.12  0.6754705967399214
-0.2  -4.94  0.6754496835540286
-0.2  -4.76  0.6754197094466187
-0.2  -4.58  0.6753767495056826
-0.2  -4.4  0.6753151795550115
-0.2  -4.22  0.6752269414927956
-0.2  -4.04  0.6751004918026378
-0.2  -3.86  0.6749192981265383
-0.2  -3.68  0.6746596912440764
-0.2  -3.5  0.6742878015019104
-0.2  -3.32  0.6737551968335903
-0.2  -3.14  0.6729926919694489
-0.2  -2.96  0.6719016077836052
-0.2  -2.78  0.6703414842525754
-0.2  -2.6  0.6681130095350026
-0.2  -2.42  0.6649346027917521
-0.2  -2.24  0.6604109891745059
-0.2  -2.06  0.6539924298376971
-0.2  -1.88  0.6449246226370656
-0.2  -1.7  0.632192842983134
-0.2  -1.52  0.614474804532091
-0.2  -1.34  0.5901214923483803
-0.2  -1.16  0.557231702834084
-0.2  -0.98  0.5138911905841534
-0.2  -0.8  0.4586882423986631
-0.2  -0.62  0.39156149713228927
-0.2  -0.44  0.3148397038522474
-0.2  -0.26  0.23394735146455947
-0.2  -0.08  0.15691291712895475
-0.2  0.1  0.09215820988651621
-0.2  0.28  0.045365862190836326
-0.2  0.46  0.017354829413605777
-0.2  0.64  0.0043183929602208454
-0.2  0.82  0.00019806413046598884
-0.2  1.  -0.0003068053873881982