-0.6  -7.82  0.8303065460681178
-0.6  -7.64  0.830306434913188
-0.6  -7.46  0.8303062755884163
-0.6  -7.28  0.8303060472308329
-0.6  -7.1  0.8303057199190539
-0.6  -6.92  0.8303052507731965
-0.6  -6.74  0.830304578330657
-0.6  -6.56  0.8303036145052015
-0.6  -6.38  0.8303022330242477
-0.6  -6.2  0.8303002529121684
-0.6  -6.02  0.830297414770546
-0.6  -5.84  0.8302933467979838
-0.6  -5.66  0.8302875160974456
-0.6  -5.48  0.8302791588700253
-0.6  -5.3  0.8302671803912702
-0.6  -5.12  0.8302500116539278
-0.6  -4.94  0.830225403964574
-0.6  -4.76  0.8301901346069182
-0.6  -4.58  0.8301395852214983
-0.6  -4.4  0.8300671379110426
-0.6  -4.22  0.8299633106366356
-0.6  -4.04  0.8298145198577244
-0.6  -3.86  0.8296013110252867
-0.6  -3.68  0.8292958301653706
-0.6  -3.5  0.8288582165879438
-0.6  -3.32  0.828231468212177
-0.6  -3.14  0.8273341519107217
-0.6  -2.96  0.8260500874836817
-0.6  -2.78  0.8242138811249715
-0.6  -2.6  0.821590755730872
-0.6  -2.42  0.8178488676491528
-0.6  -2.24  0.8125220385698052
-0.6  -2.06  0.8049612758227045
-0.6  -1.88  0.7942747093792993
-0.6  -1.7  0.7792602476591706
-0.6  -1.52  0.7583438515492293
-0.6  -1.34  0.7295543485456779
-0.6  -1.16  0.6905942511367048
-0.6  -0.98  0.6391043247639887
-0.6  -0.8  0.5732454156471335
-0.6  -0.62  0.4926764371014005
-0.6  -0.44  0.3997929821921639
-0.6  -0.26  0.3006542008874391
-0.6  -0.08  0.20461977697560463
-0.6  0.1  0.1220156226177535
-0.6  0.28  0.06054236948464863
-0.6  0.46  0.022449831896947294
-0.6  0.64  0.004135942575476472
-0.6  0.82  -0.0015913295108779565
-0.6  1.  -0.0018195644179534378