-0.8  -7.82  0.8794516365454305
-0.8  -7.64  0.8794515202628422
-0.8  -7.46  0.8794513535889883
-0.8  -7.28  0.8794511146974404
-0.8  -7.1  0.8794507722804678
-0.8  -6.92  0.8794502814898041
-0.8  -6.74  0.8794495780203709
-0.8  -6.56  0.8794485697208535
-0.8  -6.38  0.8794471244950921
-0.8  -6.2  0.8794450530156732
-0.8  -6.02  0.8794420839144338
-0.8  -5.84  0.8794378282360087
-0.8  -5.66  0.8794317284909478
-0.8  -5.48  0.879422985638255
-0.8  -5.3  0.8794104544377044
-0.8  -5.12  0.8793924934961673
-0.8  -4.94  0.8793667503237931
-0.8  -4.76  0.8793298535014302
-0.8  -4.58  0.8792769715488293
-0.8  -4.4  0.8792011811145337
-0.8  -4.22  0.8790925625265128
-0.8  -4.04  0.8789369059783702
-0.8  -3.86  0.8787138563026012
-0.8  -3.68  0.8783942758566208
-0.8  -3.5  0.8779364623275062
-0.8  -3.32  0.8772807788736866
-0.8  -3.14  0.8763420233715656
-0.8  -2.96  0.8749986404923286
-0.8  -2.78  0.8730775672781853
-0.8  -2.6  0.8703331116429329
-0.8  -2.42  0.8664179653072636
-0.8  -2.24  0.8608441375436631
-0.8  -2.06  0.8529320390017024
-0.8  -1.88  0.8417473795816766
-0.8  -1.7  0.8260300510675584
-0.8  -1.52  0.8041283113406102
-0.8  -1.34  0.7739706667321592
-0.8  -1.16  0.733135789725689
-0.8  -0.98  0.6791235627012777
-0.8  -0.8  0.609956759943484
-0.8  -0.62  0.5251976763618981
-0.8  -0.44  0.4272471915533834
-0.8  -0.26  0.32234276562702524
-0.8  -0.08  0.22024149802758863
-0.8  0.1  0.13186033215716905
-0.8  0.28  0.06555399202926267
-0.8  0.46  0.024071133190950847
-0.8  0.64  0.003932578165426281
-0.8  0.82  -0.0023763858565192413
-0.8  1.  -0.002515013165860635