-1.  -7.82  0.9148537681801959
-1.  -7.64  0.9148536482940516
-1.  -7.46  0.9148534764435563
-1.  -7.28  0.9148532301208665
-1.  -7.1  0.9148528770631983
-1.  -6.92  0.9148523710220353
-1.  -6.74  0.9148516456866792
-1.  -6.56  0.9148506060513091
-1.  -6.38  0.9148491159103161
-1.  -6.2  0.9148469800513919
-1.  -6.02  0.914843918674647
-1.  -5.84  0.9148395307341379
-1.  -5.66  0.914833241416373
-1.  -5.48  0.9148242268449874
-1.  -5.3  0.9148113061868745
-1.  -5.12  0.914792787021548
-1.  -4.94  0.9147662437671107
-1.  -4.76  0.9147282002030391
-1.  -4.58  0.9146736746420442
-1.  -4.4  0.9145955285979297
-1.  -4.22  0.9144835339858667
-1.  -4.04  0.9143230386203183
-1.  -3.86  0.9140930564654256
-1.  -3.68  0.9137635420077312
-1.  -3.5  0.9132914947113412
-1.  -3.32  0.9126154223418865
-1.  -3.14  0.9116474676401414
-1.  -2.96  0.9102622863924057
-1.  -2.78  0.9082814046954052
-1.  -2.6  0.905451453380967
-1.  -2.42  0.9014142103568346
-1.  -2.24  0.8956662981813064
-1.  -2.06  0.8875067241714967
-1.  -1.88  0.8759707703561064
-1.  -1.7  0.8597578568939555
-1.  -1.52  0.8371613392444892
-1.  -1.34  0.8060383676267235
-1.  -1.16  0.7638797740807362
-1.  -0.98  0.7080853848662415
-1.  -0.8  0.636578633320232
-1.  -0.62  0.5488506224363336
-1.  -0.44  0.44730170017570636
-1.  -0.26  0.3382896922791703
-1.  -0.08  0.23184763662308555
-1.  0.1  0.13930899247017595
-1.  0.28  0.06949660287415121
-1.  0.46  0.0255248356704196
-1.  0.64  0.0040161961777979436
-1.  0.82  -0.0027645773070806945
-1.  1.  -0.002883645794092061