-2.2  -7.82  0.9904284951370237
-2.2  -7.64  0.9904283681740494
-2.2  -7.46  0.9904281861477776
-2.2  -7.28  0.990427925229915
-2.2  -7.1  0.9904275512732728
-2.2  -6.92  0.9904270152734723
-2.2  -6.74  0.9904262470086364
-2.2  -6.56  0.9904251458289097
-2.2  -6.38  0.990423567470905
-2.2  -6.2  0.9904213051731474
-2.2  -6.02  0.9904180625673795
-2.2  -5.84  0.9904134148661398
-2.2  -5.66  0.9904067532284258
-2.2  -5.48  0.9903972050041463
-2.2  -5.3  0.9903835194547376
-2.2  -5.12  0.9903639039657095
-2.2  -4.94  0.9903357893555609
-2.2  -4.76  0.9902954935971916
-2.2  -4.58  0.9902377400821868
-2.2  -4.4  0.9901549676004564
-2.2  -4.22  0.990036342453811
-2.2  -4.04  0.9898663445305476
-2.2  -3.86  0.9896227415743881
-2.2  -3.68  0.9892737139647443
-2.2  -3.5  0.9887735532799526
-2.2  -3.32  0.988057434369368
-2.2  -3.14  0.9870321297949369
-2.2  -2.96  0.985564849249658
-2.2  -2.78  0.9834665040833465
-2.2  -2.6  0.9804686078237588
-2.2  -2.42  0.9761915174692367
-2.2  -2.24  0.9701016077016998
-2.2  -2.06  0.9614553088226465
-2.2  -1.88  0.9492294766596415
-2.2  -1.7  0.9320423973983895
-2.2  -1.52  0.9080794387812566
-2.2  -1.34  0.8750571800562438
-2.2  -1.16  0.8302923142253766
-2.2  -0.98  0.7709849037209386
-2.2  -0.8  0.694858320271271
-2.2  -0.62  0.60125546587319
-2.2  -0.44  0.49256326857473665
-2.2  -0.26  0.37536025311267074
-2.2  -0.08  0.26020606784736555
-2.2  0.1  0.15924431133082406
-2.2  0.28  0.0822239294165544
-2.2  0.46  0.03299885602865585
-2.2  0.64  0.00841487927575973
-2.2  0.82  0.0003105649053217121
-2.2  1.  -0.00020084181750625185