-2.6  -7.82  0.9955682301402736
-2.6  -7.64  0.9955681027555744
-2.6  -7.46  0.9955679201406328
-2.6  -7.28  0.9955676583903813
-2.6  -7.1  0.995567283229442
-2.6  -6.92  0.9955667455084216
-2.6  -6.74  0.9955659747715653
-2.6  -6.56  0.9955648700534578
-2.6  -6.38  0.9955632866309797
-2.6  -6.2  0.9955610170693981
-2.6  -6.02  0.9955577640540781
-2.6  -5.84  0.9955531014313577
-2.6  -5.66  0.9955464184071016
-2.6  -5.48  0.9955368395286797
-2.6  -5.3  0.9955231100421399
-2.6  -5.12  0.9955034315781686
-2.6  -4.94  0.9954752267060296
-2.6  -4.76  0.9954348015768585
-2.6  -4.58  0.9953768626322729
-2.6  -4.4  0.9952938243976373
-2.6  -4.22  0.995174818371607
-2.6  -4.04  0.9950042745804457
-2.6  -3.86  0.9947598929195943
-2.6  -3.68  0.9944097444621129
-2.6  -3.5  0.9939081353082383
-2.6  -3.32  0.993189716118119
-2.6  -3.14  0.9921611175379698
-2.6  -2.96  0.9906891206206517
-2.6  -2.78  0.9885840290803032
-2.6  -2.6  0.985576482258201
-2.6  -2.42  0.9812856146002084
-2.6  -2.24  0.975176055716267
-2.6  -2.06  0.9665017966410355
-2.6  -1.88  0.9542363076842297
-2.6  -1.7  0.9369932314680609
-2.6  -1.52  0.9129517021901924
-2.6  -1.34  0.879820184568788
-2.6  -1.16  0.8349052896445
-2.6  -0.98  0.7753954598205431
-2.6  -0.8  0.6990023184138716
-2.6  -0.62  0.6050598083190661
-2.6  -0.44  0.4959534355749449
-2.6  -0.26  0.3782734789874171
-2.6  -0.08  0.26260877355151224
-2.6  0.1  0.1611484791305987
-2.6  0.28  0.08369414534803801
-2.6  0.46  0.03414199051922786
-2.6  0.64  0.00935039922953206
-2.6  0.82  0.0011324522654300746
-2.6  1.  0.0005523409499122565