-3.4  -7.82  0.9990825591582323
-3.4  -7.64  0.9990824314856328
-3.4  -7.46  0.9990822485000178
-3.4  -7.28  0.999081986210288
-3.4  -7.1  0.9990816102605393
-3.4  -6.92  0.9990810714138444
-3.4  -6.74  0.9990802990635786
-3.4  -6.56  0.9990791920341939
-3.4  -6.38  0.999077605298612
-3.4  -6.2  0.9990753309861086
-3.4  -6.02  0.9990720711617279
-3.4  -5.84  0.9990673987799675
-3.4  -5.66  0.9990607017672851
-3.4  -5.48  0.9990511028394022
-3.4  -5.3  0.9990373446154927
-3.4  -5.12  0.9990176249622217
-3.4  -4.94  0.9989893610536751
-3.4  -4.76  0.9989488513086016
-3.4  -4.58  0.998890791087368
-3.4  -4.4  0.9988075790352166
-3.4  -4.22  0.9986883238937175
-3.4  -4.04  0.9985174230910409
-3.4  -3.86  0.99827252981799
-3.4  -3.68  0.9979216490657729
-3.4  -3.5  0.9974189895619773
-3.4  -3.32  0.9966990803409074
-3.4  -3.14  0.995668313454253
-3.4  -2.96  0.9941932318686618
-3.4  -2.78  0.9920837277918405
-3.4  -2.6  0.9890698680136113
-3.4  -2.42  0.984771049653271
-3.4  -2.24  0.9786475773988642
-3.4  -2.06  0.9699550291937504
-3.4  -1.88  0.9576636001805596
-3.4  -1.7  0.9403838939249209
-3.4  -1.52  0.9162909657898065
-3.4  -1.34  0.883087970325059
-3.4  -1.16  0.8380749165626363
-3.4  -0.98  0.7784326355670903
-3.4  -0.8  0.7018650408825956
-3.4  -0.62  0.6077002047811972
-3.4  -0.44  0.49832260806278955
-3.4  -0.26  0.3803301056441431
-3.4  -0.08  0.2643306038669953
-3.4  0.1  0.16254285555593168
-3.4  0.28  0.08480270887390723
-3.4  0.46  0.03503391115458127
-3.4  0.64  0.0101029040329126
-3.4  0.82  0.0018059127671985423
-3.4  1.  0.0011746975661640182