-3.8  -7.82  0.9995859111985073
-3.8  -7.64  0.9995857834730228
-3.8  -7.46  0.9995856004340865
-3.8  -7.28  0.9995853380734249
-3.8  -7.1  0.9995849620147543
-3.8  -6.92  0.9995844230098075
-3.8  -6.74  0.9995836504349761
-3.8  -6.56  0.9995825430825105
-3.8  -6.38  0.9995809558848601
-3.8  -6.2  0.9995786809085521
-3.8  -6.02  0.999575420133834
-3.8  -5.84  0.9995707463898216
-3.8  -5.66  0.9995640474244621
-3.8  -5.48  0.9995544456979556
-3.8  -5.3  0.9995406834626203
-3.8  -5.12  0.9995209580597988
-3.8  -4.94  0.9994926859103512
-3.8  -4.76  0.9994521643537637
-3.8  -4.58  0.9993940872035637
-3.8  -4.4  0.9993108508882791
-3.8  -4.22  0.9991915609731191
-3.8  -4.04  0.9990206111387298
-3.8  -3.86  0.998775646447023
-3.8  -3.68  0.9984246625537486
-3.8  -3.5  0.997921856343957
-3.8  -3.32  0.997201722582002
-3.8  -3.14  0.9961706684742558
-3.8  -2.96  0.9946951562569922
-3.8  -2.78  0.9925850361748759
-3.8  -2.6  0.9895702953833614
-3.8  -2.42  0.9852691581735288
-3.8  -2.24  0.9791449523419644
-3.8  -2.06  0.970449851643232
-3.8  -1.88  0.9581548016922473
-3.8  -1.7  0.9408699820663357
-3.8  -1.52  0.9167698788582438
-3.8  -1.34  0.8835569042528368
-3.8  -1.16  0.8385301470180628
-3.8  -0.98  0.7788693740774553
-3.8  -0.8  0.7022774219927121
-3.8  -0.62  0.6080815388358978
-3.8  -0.44  0.49866605998854574
-3.8  -0.26  0.38062992493063863
-3.8  -0.08  0.2645835985170845
-3.8  0.1  0.16275004872502244
-3.8  0.28  0.08496986990632578
-3.8  0.46  0.03517064057774467
-3.8  0.64  0.010219920782921908
-3.8  0.82  0.001911556830509427
-3.8  1.  0.0012727613636569215