-4.4  -7.82  0.9998747593128481
-4.4  -7.64  0.9998746315667403
-4.4  -7.46  0.9998744484970048
-4.4  -7.28  0.9998741860928984
-4.4  -7.1  0.9998738099719008
-4.4  -6.92  0.9998732708772387
-4.4  -6.74  0.9998724981736944
-4.4  -6.56  0.9998713906371639
-4.4  -6.38  0.9998698031756921
-4.4  -6.2  0.9998675278211551
-4.4  -6.02  0.999864266504263
-4.4  -5.84  0.9998595919831695
-4.4  -5.66  0.9998528919040419
-4.4  -5.48  0.999843288581075
-4.4  -5.3  0.9998295240575691
-4.4  -5.12  0.999809795375073
-4.4  -4.94  0.9997815185248984
-4.4  -4.76  0.9997409902308234
-4.4  -4.58  0.9996829034240614
-4.4  -4.4  0.9995996532686721
-4.4  -4.22  0.9994803435180283
-4.4  -4.04  0.9993093644534378
-4.4  -3.86  0.9990643598278501
-4.4  -3.68  0.9987133175621369
-4.4  -3.5  0.9982104277193289
-4.4  -3.32  0.9974901741500931
-4.4  -3.14  0.9964589484743549
-4.4  -2.96  0.9949831906415122
-4.4  -2.78  0.992872719058928
-4.4  -2.6  0.9898574758866682
-4.4  -2.42  0.98555562126799
-4.4  -2.24  0.9794303917139282
-4.4  -2.06  0.9707338348741582
-4.4  -1.88  0.9584367193852945
-4.4  -1.7  0.9411489830215556
-4.4  -1.52  0.9170447869617578
-4.4  -1.34  0.8838261203713768
-4.4  -1.16  0.8387915462507378
-4.4  -0.98  0.779120224701729
-4.4  -0.8  0.7025143779193622
-4.4  -0.62  0.6083007819668322
-4.4  -0.44  0.4988636928703676
-4.4  -0.26  0.38080264834302413
-4.4  -0.08  0.26472962032389374
-4.4  0.1  0.16286993295487134
-4.4  0.28  0.08506691322618545
-4.4  0.46  0.035250288779864844
-4.4  0.64  0.010288299743168822
-4.4  0.82  0.001973408190417183
-4.4  1.  0.0013302444945471699