-5.  -7.82  0.9999620389782068
-5.  -7.64  0.9999619112255075
-5.  -7.46  0.999961728146533
-5.  -7.28  0.9999614657295206
-5.  -7.1  0.9999610895895299
-5.  -6.92  0.9999605504679054
-5.  -6.74  0.9999597777256755
-5.  -6.56  0.9999586701336631
-5.  -6.38  0.9999570825927081
-5.  -6.2  0.9999548071242269
-5.  -6.02  0.9999515456440048
-5.  -5.84  0.9999468708888174
-5.  -5.66  0.9999401704741643
-5.  -5.48  0.9999305666702731
-5.  -5.3  0.999916801457444
-5.  -5.12  0.9998970717869511
-5.  -4.94  0.9998687934896799
-5.  -4.76  0.9998282631659929
-5.  -4.58  0.9997701734502747
-5.  -4.4  0.999686919125657
-5.  -4.22  0.9995676033997375
-5.  -4.04  0.9993966157966999
-5.  -3.86  0.9991515988989911
-5.  -3.68  0.9988005390485516
-5.  -3.5  0.9982976240114426
-5.  -3.32  0.9975773343518242
-5.  -3.14  0.9965460569880241
-5.  -2.96  0.9950702251888373
-5.  -2.78  0.9929596477639637
-5.  -2.6  0.9899442531673244
-5.  -2.42  0.9856421823904412
-5.  -2.24  0.9795166445227146
-5.  -2.06  0.9708196489920943
-5.  -1.88  0.9585219112545912
-5.  -1.7  0.941233296171183
-5.  -1.52  0.9171278670921442
-5.  -1.34  0.883907485778012
-5.  -1.16  0.8388705567352044
-5.  -0.98  0.7791960574079683
-5.  -0.8  0.7025860245631087
-5.  -0.62  0.6083670928092466
-5.  -0.44  0.49892349269324143
-5.  -0.26  0.38085494376366913
-5.  -0.08  0.26477387168667577
-5.  0.1  0.1629063081765414
-5.  0.28  0.08509639244397176
-5.  0.46  0.035274538749013054
-5.  0.64  0.010309149760306585
-5.  0.82  0.001992285040944344
-5.  1.  0.0013477965407584992