-5.4  -7.82  0.9999827744388631
-5.4  -7.64  0.9999826466847653
-5.4  -7.46  0.9999824636017576
-5.4  -7.28  0.9999822011822942
-5.4  -7.1  0.999981825037873
-5.4  -6.92  0.9999812859102247
-5.4  -6.74  0.9999805131586318
-5.4  -6.56  0.9999794055536289
-5.4  -6.38  0.9999778179937321
-5.4  -6.2  0.9999755424981901
-5.4  -6.02  0.9999722809791775
-5.4  -5.84  0.9999676061684831
-5.4  -5.66  0.99996090567415
-5.4  -5.48  0.9999513017561267
-5.4  -5.3  0.9999375363796655
-5.4  -5.12  0.9999178064746568
-5.4  -4.94  0.9998895278722579
-5.4  -4.76  0.9998489970667468
-5.4  -4.58  0.9997909066604623
-5.4  -4.4  0.9997076513461001
-5.4  -4.22  0.9995883342017031
-5.4  -4.04  0.9994173445408924
-5.4  -3.86  0.999172324732608
-5.4  -3.68  0.9988212607059831
-5.4  -3.5  0.9983183397045078
-5.4  -3.32  0.9975980414594267
-5.4  -3.14  0.9965667518454775
-5.4  -2.96  0.995090902454254
-5.4  -2.78  0.9929802999538145
-5.4  -2.6  0.9899648693315984
-5.4  -2.42  0.985662746949223
-5.4  -2.24  0.979537136232379
-5.4  -2.06  0.9708400365608091
-5.4  -1.88  0.9585421511667648
-5.4  -1.7  0.9412533274643999
-5.4  -1.52  0.9171476058133273
-5.4  -1.34  0.8839268174907111
-5.4  -1.16  0.8388893295105985
-5.4  -0.98  0.7792140759170395
-5.4  -0.8  0.7026030494511497
-5.4  -0.62  0.6083828509934719
-5.4  -0.44  0.4989377055575928
-5.4  -0.26  0.38086737531784604
-5.4  -0.08  0.26478439364543843
-5.4  0.1  0.16291496072764283
-5.4  0.28  0.08510341034458944
-5.4  0.46  0.035280312916127536
-5.4  0.64  0.010314120077247805
-5.4  0.82  0.001996783218682158
-5.4  1.  0.001351980082070585