-5.6  -7.82  0.9999883538700136
-5.6  -7.64  0.9999882261160783
-5.6  -7.46  0.9999880430328145
-5.6  -7.28  0.9999877806124504
-5.6  -7.1  0.9999874044667555
-5.6  -6.92  0.999986865337331
-5.6  -6.74  0.9999860925832216
-5.6  -6.56  0.9999849849745974
-5.6  -6.38  0.9999833974096698
-5.6  -6.2  0.9999811219068963
-5.6  -6.02  0.999977860377449
-5.6  -5.84  0.9999731855517778
-5.6  -5.66  0.9999664850360448
-5.6  -5.48  0.999956881087289
-5.6  -5.3  0.9999431156668426
-5.6  -5.12  0.9999233856987404
-5.6  -4.94  0.9998951070059102
-5.6  -4.76  0.9998545760708023
-5.6  -4.58  0.9997964854787627
-5.6  -4.4  0.9997132298981832
-5.6  -4.22  0.9995939123722339
-5.6  -4.04  0.9994229221646102
-5.6  -3.86  0.9991779015703901
-5.6  -3.68  0.9988268364232507
-5.6  -3.5  0.9983239138072287
-5.6  -3.32  0.9976036132745231
-5.6  -3.14  0.9965723203450173
-5.6  -2.96  0.9950964662271556
-5.6  -2.78  0.9929858569552115
-5.6  -2.6  0.9899704167188177
-5.6  -2.42  0.9856682806598767
-5.6  -2.24  0.9795426500913591
-5.6  -2.06  0.9708455224261263
-5.6  -1.88  0.9585475972856784
-5.6  -1.7  0.9412587175218977
-5.6  -1.52  0.9171529170879423
-5.6  -1.34  0.8839320192825831
-5.6  -1.16  0.8388943809249203
-5.6  -0.98  0.7792189243780699
-5.6  -0.8  0.7026076305850395
-5.6  -0.62  0.6083870914048783
-5.6  -0.44  0.49894153024781157
-5.6  -0.26  0.38087072079090056
-5.6  -0.08  0.2647872254071958
-5.6  0.1  0.16291728958339363
-5.6  0.28  0.08510529947875724
-5.6  0.46  0.03528186746419827
-5.6  0.64  0.010315457355456832
-5.6  0.82  0.0019979944514080536
-5.6  1.  0.0013531064109290254