-6.2  -7.82  0.9999962822278304
-6.2  -7.64  0.9999961544724917
-6.2  -7.46  0.9999959713884956
-6.2  -7.28  0.9999957089665323
-6.2  -7.1  0.9999953328191192
-6.2  -6.92  0.9999947936872662
-6.2  -6.74  0.9999940209296323
-6.2  -6.56  0.999992913315971
-6.2  -6.38  0.9999913257438393
-6.2  -6.2  0.999989050230728
-6.2  -6.02  0.9999857886864691
-6.2  -5.84  0.9999811138395677
-6.2  -5.66  0.9999744132933784
-6.2  -5.48  0.9999648093009915
-6.2  -5.3  0.9999510438179975
-6.2  -5.12  0.9999313137602701
-6.2  -4.94  0.9999030349389617
-6.2  -4.76  0.9998625038197166
-6.2  -4.58  0.9998044129637427
-6.2  -4.4  0.9997211570049094
-6.2  -4.22  0.9996018389368264
-6.2  -4.04  0.9994308479522772
-6.2  -3.86  0.9991858262453057
-6.2  -3.68  0.9988347595021706
-6.2  -3.5  0.998331834600414
-6.2  -3.32  0.9976115307957895
-6.2  -3.14  0.9965802331747398
-6.2  -2.96  0.9951043723439321
-6.2  -2.78  0.9929937534728139
-6.2  -2.6  0.9899782995027991
-6.2  -2.42  0.985676143702702
-6.2  -2.24  0.9795504852871373
-6.2  -2.06  0.9708533178172586
-6.2  -1.88  0.9585553362288004
-6.2  -1.7  0.9412663766628034
-6.2  -1.52  0.917160464441097
-6.2  -1.34  0.8839394110737694
-6.2  -1.16  0.8389015590691136
-6.2  -0.98  0.779225814235102
-6.2  -0.8  0.7026141404843599
-6.2  -0.62  0.608393117310978
-6.2  -0.44  0.4989469654780313
-6.2  -0.26  0.38087547515885817
-6.2  -0.08  0.26479124986869906
-6.2  0.1  0.16292059949130383
-6.2  0.28  0.08510798455554329
-6.2  0.46  0.03528407711798174
-6.2  0.64  0.01031735831981499
-6.2  0.82  0.001999716423873907
-6.2  1.  0.0013547083951729027