-6.4  -7.82  0.9999974089113578
-6.4  -7.64  0.9999972811549174
-6.4  -7.46  0.9999970980718139
-6.4  -7.28  0.9999968356496882
-6.4  -7.1  0.9999964595020323
-6.4  -6.92  0.9999959203698383
-6.4  -6.74  0.9999951476116952
-6.4  -6.56  0.9999940399972513
-6.4  -6.38  0.9999924524241633
-6.4  -6.2  0.9999901769095827
-6.4  -6.02  0.9999869153632226
-6.4  -5.84  0.9999822405132982
-6.4  -5.66  0.9999755399627862
-6.4  -5.48  0.9999659359641982
-6.4  -5.3  0.9999521704723173
-6.4  -5.12  0.9999324404018499
-6.4  -4.94  0.9999041615622926
-6.4  -4.76  0.9998636304168791
-6.4  -4.58  0.9998055395234065
-6.4  -4.4  0.9997222835108175
-6.4  -4.22  0.9996029653657074
-6.4  -4.04  0.9994319742707518
-6.4  -3.86  0.9991869524055736
-6.4  -3.68  0.9988358854357381
-6.4  -3.5  0.9983329602091826
-6.4  -3.32  0.997612655939298
-6.4  -3.14  0.9965813576519333
-6.4  -2.96  0.9951054958697033
-6.4  -2.78  0.9929948756312289
-6.4  -2.6  0.989979419704476
-6.4  -2.42  0.9856772610820786
-6.4  -2.24  0.9795515987325442
-6.4  -2.06  0.9708544256073696
-6.4  -1.88  0.9585564359971392
-6.4  -1.7  0.9412674650814683
-6.4  -1.52  0.9171615369862531
-6.4  -1.34  0.8839404615130086
-6.4  -1.16  0.8389025791495575
-6.4  -0.98  0.77922679334753
-6.4  -0.8  0.7026150656274465
-6.4  -0.62  0.6083939736676319
-6.4  -0.44  0.4989477378979267
-6.4  -0.26  0.3808761508285122
-6.4  -0.08  0.2647918218218414
-6.4  0.1  0.16292106990769367
-6.4  0.28  0.08510836618526298
-6.4  0.46  0.03528439118794906
-6.4  0.64  0.010317628525344876
-6.4  0.82  0.0019999610518835974
-6.4  1.  0.0013549360274897552