-6.6  -7.82  0.9999981641629078
-6.6  -7.64  0.99999803640639
-6.6  -7.46  0.9999978533232307
-6.6  -7.28  0.9999975909010063
-6.6  -7.1  0.9999972147531436
-6.6  -6.92  0.9999966756207346
-6.6  -6.74  0.9999959028622626
-6.6  -6.56  0.999994795247342
-6.6  -6.38  0.9999932076735629
-6.6  -6.2  0.9999909321580001
-6.6  -6.02  0.9999876706102262
-6.6  -5.84  0.9999829957582824
-6.6  -5.66  0.9999762952048612
-6.6  -5.48  0.999966691202126
-6.6  -5.3  0.9999529257042793
-6.6  -5.12  0.999933195625284
-6.6  -4.94  0.9999049167734859
-6.6  -4.76  0.9998643856105316
-6.6  -4.58  0.9998062946919298
-6.6  -4.4  0.9997230386432958
-6.6  -4.22  0.9996037204465554
-6.6  -4.04  0.9994327292776011
-6.6  -3.86  0.9991877073063635
-6.6  -3.68  0.9988366401845775
-6.6  -3.5  0.9983337147402944
-6.6  -3.32  0.9976134101585383
-6.6  -3.14  0.9965821114245286
-6.6  -2.96  0.9951062490028826
-6.6  -2.78  0.9929956278494958
-6.6  -2.6  0.9899801706146727
-6.6  -2.42  0.9856780101240301
-6.6  -2.24  0.979552345110301
-6.6  -2.06  0.9708551681942695
-6.6  -1.88  0.9585571732068952
-6.6  -1.7  0.9412681946979647
-6.6  -1.52  0.9171622559477385
-6.6  -1.34  0.8839411656564284
-6.6  -1.16  0.8389032629428589
-6.6  -0.98  0.7792274496791203
-6.6  -0.8  0.7026156857848849
-6.6  -0.62  0.6083945477138227
-6.6  -0.44  0.4989482556795512
-6.6  -0.26  0.3808766037569693
-6.6  -0.08  0.26479220522639935
-6.6  0.1  0.16292138524981503
-6.6  0.28  0.08510862201254656
-6.6  0.46  0.03528460173145807
-6.6  0.64  0.01031780966158372
-6.6  0.82  0.0020001251273261376
-6.6  1.  0.0013550886255907142