-7.2  -7.82  0.9999992372736888
-7.2  -7.64  0.9999991095182754
-7.2  -7.46  0.9999989264354903
-7.2  -7.28  0.9999986640126435
-7.2  -7.1  0.9999982878645232
-7.2  -6.92  0.9999977487317894
-7.2  -6.74  0.9999969759727307
-7.2  -6.56  0.99999586835722
-7.2  -6.38  0.9999942807824804
-7.2  -6.2  0.9999920052655116
-7.2  -6.02  0.99998874371574
-7.2  -5.84  0.9999840688609235
-7.2  -5.66  0.9999773683033875
-7.2  -5.48  0.9999677642947399
-7.2  -5.3  0.9999539987884393
-7.2  -5.12  0.9999342686973074
-7.2  -4.94  0.999905989828116
-7.2  -4.76  0.9998654586402427
-7.2  -4.58  0.9998073676859227
-7.2  -4.4  0.9997241115861087
-7.2  -4.22  0.9996047933159878
-7.2  -4.04  0.999433802041887
-7.2  -3.86  0.999188779919972
-7.2  -3.68  0.9988377125822736
-7.2  -3.5  0.9983347868286436
-7.2  -3.32  0.9976144818037661
-7.2  -3.14  0.9965831824351368
-7.2  -2.96  0.9951073191049831
-7.2  -2.78  0.9929966966516512
-7.2  -2.6  0.9899812375582575
-7.2  -2.42  0.9856790744137477
-7.2  -2.24  0.9795534056140011
-7.2  -2.06  0.9708562233117433
-7.2  -1.88  0.958558220684281
-7.2  -1.7  0.9412692313865014
-7.2  -1.52  0.9171632774971608
-7.2  -1.34  0.8839421661517093
-7.2  -1.16  0.8389042345237585
-7.2  -0.98  0.7792283822399276
-7.2  -0.8  0.7026165669484437
-7.2  -0.62  0.6083953633616993
-7.2  -0.44  0.4989489913842271
-7.2  -0.26  0.3808772473153578
-7.2  -0.08  0.26479275000204416
-7.2  0.1  0.16292183331870558
-7.2  0.28  0.08510898551196495
-7.2  0.46  0.03528490089577645
-7.2  0.64  0.01031806703764145
-7.2  0.82  0.0020003582693038694
-7.2  1.  0.0013553054596901993