0.2  -7.82  0.4402136792676055
0.2  -7.64  0.44021361197423275
0.2  -7.46  0.44021351552027693
0.2  -7.28  0.4402133772648286
0.2  -7.1  0.4402131791007086
0.2  -6.92  0.4402128950662635
0.2  -6.74  0.4402124879499382
0.2  -6.56  0.44021190441988023
0.2  -6.38  0.4402110680310526
0.2  -6.2  0.4402098692129774
0.2  -6.02  0.4402081509190716
0.2  -5.84  0.4402056880513195
0.2  -5.66  0.4402021579791291
0.2  -5.48  0.44019709828153253
0.2  -5.3  0.4401898461887448
0.2  -5.12  0.440179451798467
0.2  -4.94  0.4401645537217824
0.2  -4.76  0.44014320091520603
0.2  -4.58  0.44011259745613107
0.2  -4.4  0.44006873702787436
0.2  -4.22  0.4400058796442653
0.2  -4.04  0.43991580290838267
0.2  -3.86  0.4397867314873037
0.2  -3.68  0.43960180810637894
0.2  -3.5  0.43933691315843953
0.2  -3.32  0.4389575618198738
0.2  -3.14  0.4384145294837295
0.2  -2.96  0.43763751815418295
0.2  -2.78  0.43652669128880456
0.2  -2.6  0.4349403493227134
0.2  -2.42  0.4326785298862927
0.2  -2.24  0.42946091963966726
0.2  -2.06  0.42489847989053
0.2  -1.88  0.4184590002802902
0.2  -1.7  0.40943036276670997
0.2  -1.52  0.39688971203202594
0.2  -1.34  0.3797017521777556
0.2  -1.16  0.3565832628861703
0.2  -0.98  0.3262970475496232
0.2  -0.8  0.28804645951992947
0.2  -0.62  0.2420984688118631
0.2  -0.44  0.19049972747656263
0.2  -0.26  0.13745406892499246
0.2  -0.08  0.08871543109660716
0.2  0.1  0.04972263492694787
0.2  0.28  0.023326254000460338
0.2  0.46  0.008735847895975316
0.2  0.64  0.002474775094278171
0.2  0.82  0.0005257356214755549
0.2  1.  0.00010424761428646015