0.6  -7.82  0.19150494627591177
0.6  -7.64  0.19150491211849177
0.6  -7.46  0.19150486316595916
0.6  -7.28  0.19150479299667683
0.6  -7.1  0.19150469242332036
0.6  -6.92  0.19150454826847643
0.6  -6.74  0.19150434164652794
0.6  -6.56  0.19150404549076247
0.6  -6.38  0.19150362100214946
0.6  -6.2  0.1915030125719056
0.6  -6.02  0.1915021404948087
0.6  -5.84  0.191500890528958
0.6  -5.66  0.1914990989321217
0.6  -5.48  0.19149653101681272
0.6  -5.3  0.1914928504161889
0.6  -5.12  0.19148757504260192
0.6  -4.94  0.19148001398150924
0.6  -4.76  0.19146917707874903
0.6  -4.58  0.19145364543719826
0.6  -4.4  0.19143138596397657
0.6  -4.22  0.19139948669326073
0.6  -4.04  0.1913537731154068
0.6  -3.86  0.19128828315164872
0.6  -3.68  0.19119444436489247
0.6  -3.5  0.19106003141306568
0.6  -3.32  0.1908675619855059
0.6  -3.14  0.1905920731172749
0.6  -2.96  0.1901979904668886
0.6  -2.78  0.18963474751457474
0.6  -2.6  0.18883072058636072
0.6  -2.42  0.1876850030393634
0.6  -2.24  0.18605649995202028
0.6  -2.06  0.1837501270218393
0.6  -1.88  0.18050052375438744
0.6  -1.7  0.175955544718792
0.6  -1.52  0.1696651515548999
0.6  -1.34  0.16108781574193035
0.6  -1.16  0.14963607335694737
0.6  -0.98  0.13479355553756564
0.6  -0.8  0.11633658767119974
0.6  -0.62  0.09466033485888094
0.6  -0.44  0.07110712990642053
0.6  -0.26  0.048031467004204145
0.6  -0.08  0.0282654466123115
0.6  0.1  0.013970199097285509
0.6  0.28  0.005568834401681774
0.6  0.46  0.0017212691547163622
0.6  0.64  0.0004028826306917181
0.6  0.82  0.00006847652157073311
0.6  1.  5.110882699536837e-6