1.4  -7.82  0.002669233215177875
1.4  -7.64  0.0026692324729459633
1.4  -7.46  0.002669231409132968
1.4  -7.28  0.0026692298843213596
1.4  -7.1  0.0026692276987744135
1.4  -6.92  0.0026692245661708892
1.4  -6.74  0.0026692200767397794
1.4  -6.56  0.0026692136405370224
1.4  -6.38  0.0026692044160758666
1.4  -6.2  0.002669191194444459
1.4  -6.02  0.0026691722436068214
1.4  -5.84  0.0026691450810550415
1.4  -5.66  0.0026691061486645803
1.4  -5.48  0.0026690503467391978
1.4  -5.3  0.0026689703663161602
1.4  -5.12  0.002668855732329922
1.4  -4.94  0.002668691432724088
1.4  -4.76  0.002668455960090228
1.4  -4.58  0.0026681184806751474
1.4  -4.4  0.002667634833584027
1.4  -4.22  0.002666941773906301
1.4  -4.04  0.0026659487081006207
1.4  -3.86  0.0026645259774938
1.4  -3.68  0.0026624880949583382
1.4  -3.5  0.002659569927409757
1.4  -3.32  0.002655392937280442
1.4  -3.14  0.0026494176884243477
1.4  -2.96  0.0026408771767669247
1.4  -2.78  0.0026286849796797337
1.4  -2.6  0.0026113102780540237
1.4  -2.42  0.0025866116553589164
1.4  -2.24  0.0025516272478201354
1.4  -2.06  0.0025023268934854306
1.4  -1.88  0.0024333602179581913
1.4  -1.7  0.002337889219891317
1.4  -1.52  0.002207695385793621
1.4  -1.34  0.0020339114250819404
1.4  -1.16  0.0018089156751607961
1.4  -0.98  0.0015299901408028318
1.4  -0.8  0.001204846393207293
1.4  -0.62  0.0008573722259705438
1.4  -0.44  0.0005287088457867355
1.4  -0.26  0.0002665534571848895
1.4  -0.08  0.00010145430910923947
1.4  0.1  0.000026312829277867165
1.4  0.28  4.238040557493798e-6
1.4  0.46  4.5471231605388486e-7
1.4  0.64  2.993518842542499e-8
1.4  0.82  -1.7935534849973286e-10
1.4  1.  1.467910186662159e-10