2.  -7.82  4.262340617974965e-7
2.  -7.64  4.2623388763949314e-7
2.  -7.46  4.262336380125068e-7
2.  -7.28  4.262332802125598e-7
2.  -7.1  4.2623276736921886e-7
2.  -6.92  4.2623203229543894e-7
2.  -6.74  4.262309786958297e-7
2.  -6.56  4.262294685449598e-7
2.  -6.38  4.262273040109651e-7
2.  -6.2  4.262242015405211e-7
2.  -6.02  4.2621975471948235e-7
2.  -5.84  4.2621338104185723e-7
2.  -5.66  4.262042456335393e-7
2.  -5.48  4.2619115290688136e-7
2.  -5.3  4.2617238603555133e-7
2.  -5.12  4.26145488404739e-7
2.  -4.94  4.2610693827189954e-7
2.  -4.76  4.260516865262863e-7
2.  -4.58  4.259725125416217e-7
2.  -4.4  4.258590522057054e-7
2.  -4.22  4.2569648028442826e-7
2.  -4.04  4.254635721209056e-7
2.  -3.86  4.2512996574461266e-7
2.  -3.68  4.2465225541058774e-7
2.  -3.5  4.2396851461317966e-7
2.  -3.32  4.229904663055767e-7
2.  -3.14  4.2159261972390594e-7
2.  -2.96  4.195973171366418e-7
2.  -2.78  4.167542496512394e-7
2.  -2.6  4.12713601789647e-7
2.  -2.42  4.069919707109294e-7
2.  -2.24  3.9893253804342005e-7
2.  -2.06  3.8766519147675377e-7
2.  -1.88  3.720818746909797e-7
2.  -1.7  3.508587405707569e-7
2.  -1.52  3.2258374321711026e-7
2.  -1.34  2.860770970660479e-7
2.  -1.16  2.410011042234137e-7
2.  -0.98  1.8875965498242115e-7
2.  -0.8  1.3339000846530334e-7
2.  -0.62  8.160909819626153e-8
2.  -0.44  4.088872840505604e-8
2.  -0.26  1.559486654167091e-8
2.  -0.08  4.1189490535992645e-9
2.  0.1  6.661148131578498e-10
2.  0.28  5.714567149468484e-11
2.  0.46  2.1167539909580315e-12
2.  0.64  2.175228670072096e-13
2.  0.82  3.0705228665148727e-13
2.  1.  9.636620184308978e-13