-1.8  -7.82  0.9797314755165701
-1.8  -7.64  0.9797313494318927
-1.8  -7.46  0.9797311686988136
-1.8  -7.28  0.979730909636141
-1.8  -7.1  0.9797305383307487
-1.8  -6.92  0.979730006124639
-1.8  -6.74  0.9797292432968012
-1.8  -6.56  0.9797281499264948
-1.8  -6.38  0.9797265827492756
-1.8  -6.2  0.9797243364881886
-1.8  -6.02  0.9797211168604236
-1.8  -5.84  0.9797165020942344
-1.8  -5.66  0.97970988766244
-1.8  -5.48  0.9797004070995361
-1.8  -5.3  0.9796868185295348
-1.8  -5.12  0.9796673420423972
-1.8  -4.94  0.9796394266627286
-1.8  -4.76  0.9795994164577476
-1.8  -4.58  0.9795420722078549
-1.8  -4.4  0.9794598861235599
-1.8  -4.22  0.9793421016702919
-1.8  -4.04  0.9791733085265193
-1.8  -3.86  0.9789314355892399
-1.8  -3.68  0.9785848819526802
-1.8  -3.5  0.9780884232008982
-1.8  -3.32  0.9773773819197271
-1.8  -3.14  0.9763593495526847
-1.8  -2.96  0.9749024783705544
-1.8  -2.78  0.9728191903939211
-1.8  -2.6  0.9698424269207169
-1.8  -2.42  0.9655957564381219
-1.8  -2.24  0.9595492147940572
-1.8  -2.06  0.9509646224675158
-1.8  -1.88  0.9388263162800334
-1.8  -1.7  0.9217635965446276
-1.8  -1.52  0.8979732638872233
-1.8  -1.34  0.8651921063731857
-1.8  -1.16  0.8207582611221482
-1.8  -0.98  0.7618973726169396
-1.8  -0.8  0.6863586193363269
-1.8  -0.62  0.5935044472550113
-1.8  -0.44  0.48572461265073574
-1.8  -0.26  0.3695712253657198
-1.8  -0.08  0.25553887144031917
-1.8  0.1  0.1556699003145845
-1.8  0.28  0.07959652722263731
-1.8  0.46  0.031078783884275114
-1.8  0.64  0.00693399029846535
-1.8  0.82  -0.0009440577968768224
-1.8  1.  -0.001335299722637972