-2.4  -7.82  0.9934733046288644
-2.4  -7.64  0.9934731774047156
-2.4  -7.46  0.9934729950298928
-2.4  -7.28  0.9934727336175144
-2.4  -7.1  0.9934723589395217
-2.4  -6.92  0.9934718219102258
-2.4  -6.74  0.9934710521650147
-2.4  -6.56  0.9934699488669807
-2.4  -6.38  0.9934683674817274
-2.4  -6.2  0.9934661008392732
-2.4  -6.02  0.9934628520079061
-2.4  -5.84  0.9934581953825835
-2.4  -5.66  0.9934515209539375
-2.4  -5.48  0.9934419543963393
-2.4  -5.3  0.993428242569156
-2.4  -5.12  0.9934085894163645
-2.4  -4.94  0.9933804208227347
-2.4  -4.76  0.9933400476908499
-2.4  -4.58  0.9932821832740841
-2.4  -4.4  0.9931992518520588
-2.4  -4.22  0.9930803989066075
-2.4  -4.04  0.9929100745024981
-2.4  -3.86  0.9926660108989653
-2.4  -3.68  0.9923163129324587
-2.4  -3.5  0.9918153491864741
-2.4  -3.32  0.991097854611916
-2.4  -3.14  0.9900705801300597
-2.4  -2.96  0.9886004788068845
-2.4  -2.78  0.9864980982232477
-2.4  -2.6  0.9834944304499447
-2.4  -2.42  0.9792091012818056
-2.4  -2.24  0.9731074401236584
-2.4  -2.06  0.964444417746954
-2.4  -1.88  0.9521948692697385
-2.4  -1.7  0.9349743010833107
-2.4  -1.52  0.9109643542671725
-2.4  -1.34  0.8778767550873219
-2.4  -1.16  0.8330221684133563
-2.4  -0.98  0.7735937102629229
-2.4  -0.8  0.6973077286839715
-2.4  -0.62  0.6035017874301689
-2.4  -0.44  0.4945619574560725
-2.4  -0.26  0.37707382106083287
-2.4  -0.08  0.2616145057199803
-2.4  0.1  0.16035488279526275
-2.4  0.28  0.08307538686178932
-2.4  0.46  0.03365526580801523
-2.4  0.64  0.008947872850982586
-2.4  0.82  0.0007765731060374534
-2.4  1.  0.00022534239504774903