-3.6  -7.82  0.9993834313932091
-3.6  -7.64  0.9993833036946035
-3.6  -7.46  0.9993831206777795
-3.6  -7.28  0.9993828583426513
-3.6  -7.1  0.9993824823266669
-3.6  -6.92  0.9993819433860212
-3.6  -6.74  0.9993811709012618
-3.6  -6.56  0.9993800636784255
-3.6  -6.38  0.999378476666026
-3.6  -6.2  0.9993762019565989
-3.6  -6.02  0.9993729415631974
-3.6  -5.84  0.9993682683659577
-3.6  -5.66  0.9993615701844014
-3.6  -5.48  0.9993519695811701
-3.6  -5.3  0.999338208955982
-3.6  -5.12  0.999318485860906
-3.6  -4.94  0.999290217019252
-3.6  -4.76  0.9992497002036252
-3.6  -4.58  0.999191630961425
-3.6  -4.4  0.9991084053564542
-3.6  -4.22  0.9989891293982165
-3.6  -4.04  0.9988181995714583
-3.6  -3.86  0.9985732635441752
-3.6  -3.68  0.9982223206762325
-3.6  -3.5  0.9977195733569794
-3.6  -3.32  0.9969995364205867
-3.6  -3.14  0.9959685905042712
-3.6  -2.96  0.9944932510961613
-3.6  -2.78  0.9923833773549404
-3.6  -2.6  0.9893689900771068
-3.6  -2.42  0.9850683583803072
-3.6  -2.24  0.9789448720556042
-3.6  -2.06  0.9702507970395765
-3.6  -1.88  0.9579572004612512
-3.6  -1.7  0.9406744331630625
-3.6  -1.52  0.9165772099688887
-3.6  -1.34  0.8833682404487665
-3.6  -1.16  0.8383469834916164
-3.6  -0.98  0.7786936327932192
-3.6  -0.8  0.7021114574530206
-3.6  -0.62  0.6079280353998584
-3.6  -0.44  0.498527762562906
-3.6  -0.26  0.38050915260941776
-3.6  -0.08  0.2644816112666358
-3.6  0.1  0.16266644787368575
-3.6  0.28  0.0849023409627557
-3.6  0.46  0.035115332403579176
-3.6  0.64  0.010172535739799165
-3.6  0.82  0.0018687432635411088
-3.6  1.  0.0012330077655071645