-4.6  -7.82  0.9999159190191569
-4.6  -7.64  0.9999157912699541
-4.6  -7.46  0.9999156081954431
-4.6  -7.28  0.9999153457853737
-4.6  -7.1  0.9999149696553449
-4.6  -6.92  0.9999144305480104
-4.6  -6.74  0.9999136578262363
-4.6  -6.56  0.9999125502635839
-4.6  -6.38  0.9999109627645407
-4.6  -6.2  0.999908687356249
-4.6  -6.02  0.999905425962307
-4.6  -5.84  0.9999007513307834
-4.6  -5.66  0.9998940510933556
-4.6  -5.48  0.9998844475435128
-4.6  -5.3  0.9998706826948012
-4.6  -5.12  0.9998509535462077
-4.6  -4.94  0.9998226760279554
-4.6  -4.76  0.9997821467763527
-4.6  -4.58  0.9997240585972094
-4.6  -4.4  0.9996408064748672
-4.6  -4.22  0.9995214939052219
-4.6  -4.04  0.9993505108006264
-4.6  -3.86  0.9991055003854774
-4.6  -3.68  0.9987544498238904
-4.6  -3.5  0.9982515480993623
-4.6  -3.32  0.9975312775016074
-4.6  -3.14  0.996500027442411
-4.6  -2.96  0.9950242346972339
-4.6  -2.78  0.9929137131811785
-4.6  -2.6  0.989898398579613
-4.6  -2.42  0.9855964419824507
-4.6  -2.24  0.9794710669723463
-4.6  -2.06  0.9707743031776692
-4.6  -1.88  0.9584768941439205
-4.6  -1.7  0.9411887432466717
-4.6  -1.52  0.9170839654959765
-4.6  -1.34  0.8838644899598644
-4.6  -1.16  0.838828804823805
-4.6  -0.98  0.7791559841189679
-4.6  -0.8  0.7025481625090604
-4.6  -0.62  0.6083320492539636
-4.6  -0.44  0.4988918886585079
-4.6  -0.26  0.38082730378081514
-4.6  -0.08  0.26475048054803807
-4.6  0.1  0.1628870779610267
-4.6  0.28  0.08508079987898373
-4.6  0.46  0.03526171388476902
-4.6  0.64  0.010298120592961679
-4.6  0.82  0.0019822991076192064
-4.6  1.  0.0013385106232923897