-4.8  -7.82  0.9999435259228765
-4.8  -7.64  0.9999433981716108
-4.8  -7.46  0.9999432150941722
-4.8  -7.28  0.9999429526799865
-4.8  -7.1  0.9999425765439918
-4.8  -6.92  0.9999420374281203
-4.8  -6.74  0.9999412646941048
-4.8  -6.56  0.9999401571139157
-4.8  -6.38  0.9999385695897308
-4.8  -6.2  0.9999362941453981
-4.8  -6.02  0.999933032699814
-4.8  -5.84  0.9999283579942555
-4.8  -5.66  0.9999216576507254
-4.8  -5.48  0.9999120539487815
-4.8  -5.3  0.9998982888820824
-4.8  -5.12  0.9998785594210334
-4.8  -4.94  0.9998502814549572
-4.8  -4.76  0.9998097515614817
-4.8  -4.58  0.9997516624623638
-4.8  -4.4  0.9996684090221054
-4.8  -4.22  0.9995490945627451
-4.8  -4.04  0.9993781087499748
-4.8  -3.86  0.9991330944538287
-4.8  -3.68  0.9987820383311636
-4.8  -3.5  0.9982791286408036
-4.8  -3.32  0.9975588466320511
-4.8  -3.14  0.9965275802252113
-4.8  -2.96  0.9950517640803234
-4.8  -2.78  0.9929412090909987
-4.8  -2.6  0.989925846601354
-4.8  -2.42  0.9856238216411952
-4.8  -2.24  0.9794983491350644
-4.8  -2.06  0.9708014466052629
-4.8  -1.88  0.9585038407722088
-4.8  -1.7  0.941215412018557
-4.8  -1.52  0.9171102443321623
-4.8  -1.34  0.8838902264593587
-4.8  -1.16  0.8388537966249994
-4.8  -0.98  0.7791799709818354
-4.8  -0.8  0.7025708255838304
-4.8  -0.62  0.608353024863909
-4.8  -0.44  0.49891080515809844
-4.8  -0.26  0.38084384705512797
-4.8  -0.08  0.26476447958043137
-4.8  0.1  0.16289858651008587
-4.8  0.28  0.08509013067623963
-4.8  0.46  0.03526938771709838
-4.8  0.64  0.010304719802600358
-4.8  0.82  0.0019882737013955125
-4.8  1.  0.001344066056185029