-5.8  -7.82  0.9999920941361907
-5.8  -7.64  0.999991966381973
-5.8  -7.46  0.9999917832983181
-5.8  -7.28  0.9999915208773947
-5.8  -7.1  0.9999911447308901
-5.8  -6.92  0.9999906056003176
-5.8  -6.74  0.9999898328445506
-5.8  -6.56  0.9999887252335523
-5.8  -6.38  0.999987137665223
-5.8  -6.2  0.9999848621575688
-5.8  -6.02  0.9999816006211397
-5.8  -5.84  0.9999769257854539
-5.8  -5.66  0.9999702252553468
-5.8  -5.48  0.99996062128601
-5.8  -5.3  0.9999468558360519
-5.8  -5.12  0.9999271258256579
-5.8  -4.94  0.9998988470722274
-5.8  -4.76  0.999858316050244
-5.8  -4.58  0.9998002253336958
-5.8  -4.4  0.9997169695746592
-5.8  -4.22  0.9995976517929419
-5.8  -4.04  0.9994266612187859
-5.8  -3.86  0.9991816400993032
-5.8  -3.68  0.9988305741994999
-5.8  -3.5  0.9983276505051298
-5.8  -3.32  0.9976073484300694
-5.8  -3.14  0.996576053285951
-5.8  -2.96  0.9951001960010915
-5.8  -2.78  0.99298958219758
-5.8  -2.6  0.9899741354878658
-5.8  -2.42  0.9856719901294227
-5.8  -2.24  0.9795463464057336
-5.8  -2.06  0.9708491999643801
-5.8  -1.88  0.9585512481909215
-5.8  -1.7  0.9412623308177981
-5.8  -1.52  0.917156477602136
-5.8  -1.34  0.8839355064103737
-5.8  -1.16  0.8388977672601089
-5.8  -0.98  0.7792221747222572
-5.8  -0.8  0.7026107015830791
-5.8  -0.62  0.608389934151048
-5.8  -0.44  0.4989440943277012
-5.8  -0.26  0.380872963646551
-5.8  -0.08  0.2647891239138264
-5.8  0.1  0.16291885098130093
-5.8  0.28  0.08510656610250275
-5.8  0.46  0.0352829097872868
-5.8  0.64  0.01031635405523264
-5.8  0.82  0.0019988067771787342
-5.8  1.  0.001353861551813368