1.8  -7.82  0.00001881382471698683
1.8  -7.64  0.00001881381802683239
1.8  -7.46  0.000018813808437672313
1.8  -7.28  0.000018813794693104956
1.8  -7.1  0.00001881377499277119
1.8  -6.92  0.000018813746755628668
1.8  -6.74  0.000018813706282647148
1.8  -6.56  0.000018813648271620725
1.8  -6.38  0.000018813565123068676
1.8  -6.2  0.000018813445944444672
1.8  -6.02  0.000018813275123564458
1.8  -5.84  0.000018813030283728647
1.8  -5.66  0.000018812679353262934
1.8  -5.48  0.00001881217637137781
1.8  -5.3  0.000018811455448747323
1.8  -5.12  0.000018810422174986574
1.8  -4.94  0.000018808941259192964
1.8  -4.76  0.000018806818827611332
1.8  -4.58  0.000018803777113794558
1.8  -4.4  0.000018799418204817975
1.8  -4.22  0.000018793172441249032
1.8  -4.04  0.00001878422358674566
1.8  -3.86  0.000018771404559436834
1.8  -3.68  0.000018753045685594876
1.8  -3.5  0.000018726764047268555
1.8  -3.32  0.000018689159291335436
1.8  -3.14  0.000018635394589114394
1.8  -2.96  0.000018558612432672495
1.8  -2.78  0.00001844911186181471
1.8  -2.6  0.000018293303913693317
1.8  -2.42  0.000018072327300357057
1.8  -2.24  0.000017760335872302274
1.8  -2.06  0.000017322706333023416
1.8  -1.88  0.000016714558226914244
1.8  -1.7  0.00001588065077515363
1.8  -1.52  0.000014758832612789434
1.8  -1.34  0.000013290306766430136
1.8  -1.16  0.000011441253463777794
1.8  -0.98  9.23835474047967e-6
1.8  -0.8  6.811798232521428e-6
1.8  -0.62  4.418573334176278e-6
1.8  -0.44  2.3962626661213545e-6
1.8  -0.26  1.0156945479969634e-6
1.8  -0.08  3.0916490437715407e-7
1.8  0.1  6.093686867731158e-8
1.8  0.28  6.725818695844181e-9
1.8  0.46  3.6023804304328246e-10
1.8  0.64  6.563657961896868e-12
1.8  0.82  -7.668163619473945e-11
1.8  1.  9.119933524088372e-12