///////////////////////////////////////////////////////////////
//
//Hartree method solving three-body nuclear wave function
//
///////////////////////////////////////////////////////////////

///////////////////////////////////////
//Variation
///////////////////////////////////////

Nc  q   lx  ly  L   sjk Sa  tjk
1   0   0   0   0   0   1/2   1
2   0   0   0   0   1   1/2   0
3   0   1   1   0   0   1/2   0
4   0   1   1   0   1   1/2   1
5   0   2   2   0   0   1/2   1
6   0   2   2   0   1   1/2   0
7   0   3   3   0   0   1/2   0
8   0   3   3   0   1   1/2   1
9   0   4   4   0   0   1/2   1
10   0   4   4   0   1   1/2   0
11   1   0   0   0   0   1/2   1
12   1   0   0   0   1   1/2   0
13   1   1   1   0   0   1/2   0
14   1   1   1   0   1   1/2   1
15   1   2   2   0   0   1/2   1
16   1   2   2   0   1   1/2   0
17   1   3   3   0   0   1/2   0
18   1   3   3   0   1   1/2   1
19   1   4   4   0   0   1/2   1
20   1   4   4   0   1   1/2   0
21   2   0   0   0   0   1/2   1
22   2   0   0   0   1   1/2   0
23   2   1   1   0   0   1/2   0
24   2   1   1   0   1   1/2   1
25   2   2   2   0   0   1/2   1
26   2   2   2   0   1   1/2   0
27   2   3   3   0   0   1/2   0
28   2   3   3   0   1   1/2   1
29   2   4   4   0   0   1/2   1
30   2   4   4   0   1   1/2   0
31   3   0   0   0   0   1/2   1
32   3   0   0   0   1   1/2   0
33   3   1   1   0   0   1/2   0
34   3   1   1   0   1   1/2   1
35   3   2   2   0   0   1/2   1
36   3   2   2   0   1   1/2   0
37   3   3   3   0   0   1/2   0
38   3   3   3   0   1   1/2   1
39   3   4   4   0   0   1/2   1
40   3   4   4   0   1   1/2   0
41   4   0   0   0   0   1/2   1
42   4   0   0   0   1   1/2   0
43   4   1   1   0   0   1/2   0
44   4   1   1   0   1   1/2   1
45   4   2   2   0   0   1/2   1
46   4   2   2   0   1   1/2   0
47   4   3   3   0   0   1/2   0
48   4   3   3   0   1   1/2   1
49   4   4   4   0   0   1/2   1
50   4   4   4   0   1   1/2   0
51   5   0   0   0   0   1/2   1
52   5   0   0   0   1   1/2   0
53   5   1   1   0   0   1/2   0
54   5   1   1   0   1   1/2   1
55   5   2   2   0   0   1/2   1
56   5   2   2   0   1   1/2   0
57   5   3   3   0   0   1/2   0
58   5   3   3   0   1   1/2   1
59   5   4   4   0   0   1/2   1
60   5   4   4   0   1   1/2   0
61   6   0   0   0   0   1/2   1
62   6   0   0   0   1   1/2   0
63   6   1   1   0   0   1/2   0
64   6   1   1   0   1   1/2   1
65   6   2   2   0   0   1/2   1
66   6   2   2   0   1   1/2   0
67   6   3   3   0   0   1/2   0
68   6   3   3   0   1   1/2   1
69   6   4   4   0   0   1/2   1
70   6   4   4   0   1   1/2   0
71   7   0   0   0   0   1/2   1
72   7   0   0   0   1   1/2   0
73   7   1   1   0   0   1/2   0
74   7   1   1   0   1   1/2   1
75   7   2   2   0   0   1/2   1
76   7   2   2   0   1   1/2   0
77   7   3   3   0   0   1/2   0
78   7   3   3   0   1   1/2   1
79   7   4   4   0   0   1/2   1
80   7   4   4   0   1   1/2   0
81   8   0   0   0   0   1/2   1
82   8   0   0   0   1   1/2   0
83   8   1   1   0   0   1/2   0
84   8   1   1   0   1   1/2   1
85   8   2   2   0   0   1/2   1
86   8   2   2   0   1   1/2   0
87   8   3   3   0   0   1/2   0
88   8   3   3   0   1   1/2   1
89   8   4   4   0   0   1/2   1
90   8   4   4   0   1   1/2   0
91   9   0   0   0   0   1/2   1
92   9   0   0   0   1   1/2   0
93   9   1   1   0   0   1/2   0
94   9   1   1   0   1   1/2   1
95   9   2   2   0   0   1/2   1
96   9   2   2   0   1   1/2   0
97   9   3   3   0   0   1/2   0
98   9   3   3   0   1   1/2   1
99   9   4   4   0   0   1/2   1
100   9   4   4   0   1   1/2   0
101   10   0   0   0   0   1/2   1
102   10   0   0   0   1   1/2   0
103   10   1   1   0   0   1/2   0
104   10   1   1   0   1   1/2   1
105   10   2   2   0   0   1/2   1
106   10   2   2   0   1   1/2   0
107   10   3   3   0   0   1/2   0
108   10   3   3   0   1   1/2   1
109   10   4   4   0   0   1/2   1
110   10   4   4   0   1   1/2   0
Hdim: 550
process: 20%
process: 40%
process: 60%
process: 80%
process: 100%

///////////////////////////////////////
//Variation done
///////////////////////////////////////

///////////////////////////////////////
//Result
///////////////////////////////////////

H_3
Variation parameter c=1700 MeV, base state energy: -7.49717 MeV
Eigen vector: 
0.00000 
0.06343 
-0.00000 
-0.00000 
-0.00000 
-0.00832 
-0.00000 
-0.00000 
-0.00000 
-0.00119 
0.00000 
-0.00428 
0.00000 
-0.00000 
-0.00000 
-0.00394 
-0.00000 
0.00000 
-0.00000 
-0.00088 
-0.00000 
-0.00559 
0.00000 
-0.00000 
-0.00000 
-0.00077 
-0.00000 
0.00000 
-0.00000 
-0.00039 
0.00000 
0.00443 
0.00000 
0.00000 
0.00000 
0.00020 
0.00000 
0.00000 
0.00000 
-0.00005 
-0.00000 
-0.00103 
0.00000 
-0.00000 
0.00000 
0.00027 
0.00000 
-0.00000 
0.00000 
0.00009 
0.00000 
0.00078 
0.00000 
0.00000 
0.00000 
0.00010 
-0.00000 
0.00000 
0.00000 
0.00008 
-0.00000 
-0.00057 
0.00000 
-0.00000 
0.00000 
-0.00002 
-0.00000 
0.00000 
0.00000 
0.00002 
0.00000 
0.00024 
-0.00000 
-0.00000 
-0.00000 
-0.00005 
-0.00000 
0.00000 
-0.00000 
-0.00002 
-0.00000 
-0.00019 
0.00000 
-0.00000 
-0.00000 
-0.00003 
0.00000 
0.00000 
-0.00000 
-0.00003 
0.00000 
0.00016 
0.00000 
0.00000 
-0.00000 
0.00001 
-0.00000 
0.00000 
0.00000 
-0.00001 
-0.00000 
-0.00009 
-0.00000 
0.00000 
0.00000 
0.00002 
0.00000 
0.00000 
-0.00000 
0.00001 
-0.00000 
-0.46812 
0.00000 
0.00000 
0.00000 
0.03610 
0.00000 
-0.00000 
0.00000 
0.01143 
-0.00000 
0.04087 
-0.00000 
0.00000 
0.00000 
0.02778 
-0.00000 
-0.00000 
0.00000 
0.01006 
0.00000 
0.01881 
0.00000 
-0.00000 
0.00000 
0.00777 
0.00000 
0.00000 
0.00000 
0.00487 
-0.00000 
-0.02841 
-0.00000 
0.00000 
-0.00000 
-0.00215 
-0.00000 
-0.00000 
0.00000 
0.00063 
0.00000 
0.00909 
-0.00000 
0.00000 
-0.00000 
-0.00332 
-0.00000 
0.00000 
-0.00000 
-0.00115 
-0.00000 
-0.00880 
-0.00000 
0.00000 
-0.00000 
-0.00134 
0.00000 
-0.00000 
-0.00000 
-0.00106 
0.00000 
0.00716 
-0.00000 
0.00000 
0.00000 
0.00029 
0.00000 
-0.00000 
-0.00000 
-0.00030 
-0.00000 
-0.00324 
-0.00000 
-0.00000 
0.00000 
0.00070 
0.00000 
-0.00000 
0.00000 
0.00026 
0.00000 
0.00267 
0.00000 
0.00000 
0.00000 
0.00036 
-0.00000 
0.00000 
0.00000 
0.00035 
-0.00000 
-0.00220 
0.00000 
0.00000 
-0.00000 
-0.00007 
0.00000 
-0.00000 
0.00000 
0.00014 
0.00000 
0.00122 
0.00000 
0.00000 
-0.00000 
-0.00023 
-0.00000 
-0.00000 
-0.00000 
-0.00009 
0.00000 
0.75832 
0.00000 
-0.00000 
0.00000 
-0.00731 
0.00000 
-0.00000 
-0.00000 
-0.01733 
0.00000 
-0.08704 
-0.00000 
0.00000 
-0.00000 
-0.02965 
-0.00000 
0.00000 
-0.00000 
-0.02045 
-0.00000 
0.02212 
0.00000 
-0.00000 
-0.00000 
-0.01286 
-0.00000 
0.00000 
-0.00000 
-0.01217 
0.00000 
0.01883 
0.00000 
0.00000 
0.00000 
0.00412 
0.00000 
0.00000 
-0.00000 
-0.00196 
-0.00000 
-0.00954 
-0.00000 
-0.00000 
0.00000 
0.00837 
0.00000 
0.00000 
0.00000 
0.00351 
0.00000 
0.01644 
-0.00000 
0.00000 
0.00000 
0.00399 
0.00000 
-0.00000 
0.00000 
0.00356 
-0.00000 
-0.01720 
0.00000 
0.00000 
-0.00000 
-0.00086 
0.00000 
0.00000 
0.00000 
0.00110 
0.00000 
0.00908 
-0.00000 
-0.00000 
-0.00000 
-0.00238 
-0.00000 
-0.00000 
-0.00000 
-0.00090 
-0.00000 
-0.00858 
-0.00000 
-0.00000 
-0.00000 
-0.00131 
-0.00000 
0.00000 
-0.00000 
-0.00127 
0.00000 
0.00764 
0.00000 
0.00000 
0.00000 
0.00025 
0.00000 
-0.00000 
-0.00000 
-0.00053 
-0.00000 
-0.00454 
-0.00000 
-0.00000 
0.00000 
0.00085 
-0.00000 
-0.00000 
0.00000 
0.00031 
-0.00000 
-0.39723 
0.00000 
0.00000 
-0.00000 
-0.03321 
0.00000 
-0.00000 
-0.00000 
0.00219 
-0.00000 
0.06598 
-0.00000 
0.00000 
-0.00000 
-0.00599 
-0.00000 
0.00000 
0.00000 
0.00862 
-0.00000 
-0.05755 
0.00000 
-0.00000 
-0.00000 
0.00289 
-0.00000 
-0.00000 
0.00000 
0.00780 
0.00000 
0.02654 
0.00000 
-0.00000 
-0.00000 
-0.00151 
0.00000 
-0.00000 
0.00000 
0.00175 
-0.00000 
-0.00778 
-0.00000 
-0.00000 
-0.00000 
-0.00554 
0.00000 
-0.00000 
-0.00000 
-0.00321 
-0.00000 
-0.00329 
-0.00000 
0.00000 
-0.00000 
-0.00338 
-0.00000 
0.00000 
-0.00000 
-0.00380 
0.00000 
0.00921 
0.00000 
0.00000 
0.00000 
0.00072 
-0.00000 
-0.00000 
-0.00000 
-0.00135 
-0.00000 
-0.00645 
0.00000 
0.00000 
0.00000 
0.00260 
-0.00000 
0.00000 
0.00000 
0.00108 
0.00000 
0.00797 
0.00000 
0.00000 
0.00000 
0.00157 
0.00000 
-0.00000 
0.00000 
0.00167 
-0.00000 
-0.00828 
-0.00000 
-0.00000 
-0.00000 
-0.00027 
-0.00000 
0.00000 
-0.00000 
0.00074 
0.00000 
0.00553 
0.00000 
0.00000 
0.00000 
-0.00114 
0.00000 
0.00000 
0.00000 
-0.00041 
0.00000 
0.12652 
-0.00000 
-0.00000 
0.00000 
-0.00042 
-0.00000 
0.00000 
0.00000 
0.00247 
0.00000 
-0.02079 
0.00000 
-0.00000 
0.00000 
0.00392 
0.00000 
-0.00000 
0.00000 
0.00206 
-0.00000 
0.01196 
-0.00000 
0.00000 
0.00000 
0.00158 
0.00000 
-0.00000 
0.00000 
0.00023 
-0.00000 
-0.01184 
-0.00000 
0.00000 
0.00000 
-0.00045 
-0.00000 
0.00000 
-0.00000 
-0.00024 
0.00000 
0.00712 
0.00000 
0.00000 
0.00000 
-0.00006 
-0.00000 
0.00000 
0.00000 
0.00058 
0.00000 
-0.00478 
0.00000 
-0.00000 
0.00000 
0.00041 
0.00000 
-0.00000 
0.00000 
0.00104 
-0.00000 
0.00206 
-0.00000 
-0.00000 
-0.00000 
-0.00008 
-0.00000 
0.00000 
-0.00000 
0.00048 
-0.00000 
-0.00025 
-0.00000 
-0.00000 
-0.00000 
-0.00073 
0.00000 
-0.00000 
-0.00000 
-0.00040 
-0.00000 
-0.00125 
-0.00000 
-0.00000 
-0.00000 
-0.00055 
-0.00000 
0.00000 
-0.00000 
-0.00071 
0.00000 
0.00220 
0.00000 
0.00000 
0.00000 
0.00007 
0.00000 
-0.00000 
0.00000 
-0.00035 
-0.00000 
-0.00190 
-0.00000 
-0.00000 
-0.00000 
0.00050 
-0.00000 
-0.00000 
-0.00000 
0.00019 


///////////////////////////////////////////////////////////////
