0.2  20.  3.2373773498624153e-9
0.2  40.  9.794629218685615e-8
0.2  60.  6.785405725629965e-7
0.2  80.  2.522839124721675e-6
0.2  100.  6.588577713944251e-6
0.2  120.  0.000013649931902012271
0.2  140.  0.000023971083748395125
0.2  160.  0.0000371538753292748
0.2  180.  0.000052183685272069394
0.2  200.  0.00006761662558358737
0.2  220.  0.00008182869436190408
0.2  240.  0.00009326254270540602
0.2  260.  0.00010063135137977531
0.2  280.  0.00010305850645774048
0.2  300.  0.00010014562040678005
0.2  320.  0.0000919726927575854
0.2  340.  0.00007904266073733412
0.2  360.  0.00006218879208252947
0.2  380.  0.00004246352255643043
0.2  400.  0.000021027640004602365
0.2  420.  -9.490896628185122e-7
0.2  440.  -0.000022368339928102603
0.2  460.  -0.00004225613453359726
0.2  480.  -0.0000597983591756751
0.2  500.  -0.00007435017733219644
0.2  520.  -0.00008543201334755453
0.2  540.  -0.00009271860002193752
0.2  560.  -0.00009601891402158704
0.2  580.  -0.00009524521032349724
0.2  600.  -0.00009039363387755273
0.2  620.  -0.00008152400960676368
0.2  640.  -0.00006873657470033822
0.2  660.  -0.00005215615015722763
0.2  680.  -0.000031881138567660406
0.2  700.  -8.255199271396242e-6
0.2  720.  0.00001879100965972495
0.2  740.  0.000048962742073005065
0.2  760.  0.00008216248623754417
0.2  780.  0.00011812021881242434
0.2  800.  0.00015684568228562822
0.2  820.  0.00019808506539198577
0.2  840.  0.00024167482776868418
0.2  860.  0.0002874768782357895
0.2  880.  0.00033519985133622737
0.2  900.  0.00038376766906274306
0.2  920.  0.0004360179017647924
0.2  940.  0.0004886704458390386
0.2  960.  0.0005427603370695844
0.2  980.  0.0006531087846574833
0.2  1000.  0.0006536571619017875
