1.  20.  5.882788347295613e-6
1.  40.  0.00017673672325646073
1.  60.  0.0012102815749533973
1.  80.  0.004428868341744491
1.  100.  0.011338696279784077
1.  120.  0.022949245963799637
1.  140.  0.03926310602835731
1.  160.  0.059171914167032706
1.  180.  0.08073105673017819
1.  200.  0.10162895815889586
1.  220.  0.11965942391376477
1.  240.  0.13307957220436764
1.  260.  0.1408129583773709
1.  280.  0.1425053567553593
1.  300.  0.13846321611837498
1.  320.  0.12951288403404368
1.  340.  0.1168199479063041
1.  360.  0.10170369973901099
1.  380.  0.0854737415651902
1.  400.  0.06930364996340577
1.  420.  0.05415244453498767
1.  440.  0.04072212938225244
1.  460.  0.02945630755062766
1.  480.  0.020556407923941377
1.  500.  0.014024397667729553
1.  520.  0.009700278880808627
1.  540.  0.0073221852126004
1.  560.  0.0065284461173726336
1.  580.  0.0069580256687584024
1.  600.  0.008240029896956751
1.  620.  0.010028694017553063
1.  640.  0.011965814949267812
1.  660.  0.013828868439201895
1.  680.  0.015399173148607705
1.  700.  0.016511133809930887
1.  720.  0.01712427416911992
1.  740.  0.016920154135791888
1.  760.  0.016192279507034557
1.  780.  0.01490919657114696
1.  800.  0.01430090129523073
1.  820.  0.010999779020788828
1.  840.  0.008520200653652126
1.  860.  0.0059534632603133655
1.  880.  0.004558615208679348
1.  900.  0.00029486956328560583
1.  920.  -0.0018155882921963822
1.  940.  -0.0024923499432824565
1.  960.  -0.005568468692440049
1.  980.  -0.006754258936563597
1.  1000.  -0.009486499373777064