1.4  20.  0.000019561399719254896
1.4  40.  0.0005838826714122329
1.4  60.  0.003955475418783451
1.4  80.  0.014258549177597031
1.4  100.  0.035812120339122316
1.4  120.  0.0708331961797667
1.4  140.  0.11801382977865489
1.4  160.  0.17268190924152985
1.4  180.  0.22821540195849446
1.4  200.  0.27786197304125426
1.4  220.  0.3162264268675642
1.4  240.  0.3400883876244061
1.4  260.  0.3485584022024184
1.4  280.  0.3427530677898865
1.4  300.  0.3252041426152594
1.4  320.  0.2991919603311787
1.4  340.  0.268132324473576
1.4  360.  0.23511488138693645
1.4  380.  0.20260582845757683
1.4  400.  0.1723330702401177
1.4  420.  0.14528691522054507
1.4  440.  0.1218784240842576
1.4  460.  0.10199350254839779
1.4  480.  0.0852624857096968
1.4  500.  0.07113655904513198
1.4  520.  0.05906245938544946
1.4  540.  0.04846459709246174
1.4  560.  0.0391106671444063
1.4  580.  0.030519416741137867
1.4  600.  0.02269569552632813
1.4  620.  0.01556359569201893
1.4  640.  0.009023115388650207
1.4  660.  0.003341470280299731
1.4  680.  -0.0014346898748851518
1.4  700.  -0.005265084288944913
1.4  720.  -0.0076589017407444485
1.4  740.  -0.009050321156892879
1.4  760.  -0.009696810567470753
1.4  780.  -0.008980353421645517
1.4  800.  -0.007964316841101694
1.4  820.  -0.005674663718402751
1.4  840.  -0.00330487451778528
1.4  860.  0.
1.4  880.  0.
1.4  900.  0.
1.4  920.  0.
1.4  940.  0.
1.4  960.  0.
1.4  980.  0.
1.4  1000.  0.