1.6  20.  0.00002890533042978596
1.6  40.  0.0008595599113207997
1.6  60.  0.0057866388622340465
1.6  80.  0.02067640446670768
1.6  100.  0.05134453662805144
1.6  120.  0.10015494667715956
1.6  140.  0.16416714074667865
1.6  160.  0.23579527313357598
1.6  180.  0.3052738969678085
1.6  200.  0.3634861270979438
1.6  220.  0.4040106138860533
1.6  240.  0.4239685529566033
1.6  260.  0.4238269485427255
1.6  280.  0.4065587031703908
1.6  300.  0.3765593250903685
1.6  320.  0.33861989364351797
1.6  340.  0.2971324119438701
1.6  360.  0.2555958111391322
1.6  380.  0.21644436994809363
1.6  400.  0.18103403669762888
1.6  420.  0.14989359046408818
1.6  440.  0.12295198390464052
1.6  460.  0.09977647366609614
1.6  480.  0.07982244007796009
1.6  500.  0.06255212385569713
1.6  520.  0.047543043201200966
1.6  540.  0.03455209611437508
1.6  560.  0.0233576094432805
1.6  580.  0.01398412598665763
1.6  600.  0.006334898202108401
1.6  620.  0.0007396567235250422
1.6  640.  -0.0031782757060163725
1.6  660.  -0.005379281441216057
1.6  680.  -0.0060685195650282825
1.6  700.  -0.005643168471076477
1.6  720.  -0.004056076137791941
1.6  740.  -0.001577298100809828
1.6  760.  0.0009598991019767302
1.6  780.  0.0028297123528832242
1.6  800.  0.004438299448164367
1.6  820.  0.006877574304153797
1.6  840.  0.005646260335551967
1.6  860.  0.009511427545115376
1.6  880.  0.008292768639474994
1.6  900.  0.006326617059615654
1.6  920.  0.004278259505515599
1.6  940.  0.
1.6  960.  0.
1.6  980.  0.
1.6  1000.  0.