10.  20.  1.18804107697536e-10
10.  40.  3.0203562349696383e-9
10.  60.  1.570266444535179e-8
10.  80.  3.9307127502615024e-8
10.  100.  6.238987067526184e-8
10.  120.  7.143311896235092e-8
10.  140.  6.350073558851709e-8
10.  160.  4.5939462796972275e-8
10.  180.  2.793738619162272e-8
10.  200.  1.461688239957999e-8
10.  220.  6.6903997280026105e-9
10.  240.  2.7156513396915663e-9
10.  260.  9.9134350348315e-10
10.  280.  3.3170607216666505e-10
10.  300.  9.456777890051368e-11
10.  320.  0.
10.  340.  0.
10.  360.  0.
10.  380.  0.
10.  400.  0.
10.  420.  0.
10.  440.  0.
10.  460.  0.
10.  480.  0.
10.  500.  0.
10.  520.  0.
10.  540.  0.
10.  560.  0.
10.  580.  0.
10.  600.  0.
10.  620.  0.
10.  640.  0.
10.  660.  0.
10.  680.  0.
10.  700.  0.
10.  720.  0.
10.  740.  0.
10.  760.  0.
10.  780.  0.
10.  800.  0.
10.  820.  0.
10.  840.  0.
10.  860.  0.
10.  880.  0.
10.  900.  0.
10.  920.  0.
10.  940.  0.
10.  960.  0.
10.  980.  0.
10.  1000.  0.