2.  20.  0.00004789288683368273
2.  40.  0.0014128421917736684
2.  60.  0.009384292533223452
2.  80.  0.03289855442353825
2.  100.  0.07969324016976076
2.  120.  0.15075294493097338
2.  140.  0.23820996166327907
2.  160.  0.32788760980483045
2.  180.  0.40449597058939574
2.  200.  0.4564713109345498
2.  220.  0.4785194847185687
2.  240.  0.47160379380412637
2.  260.  0.44122050796417983
2.  280.  0.3950693317688311
2.  300.  0.3409629025169006
2.  320.  0.28540721327988866
2.  340.  0.23294967130734479
2.  360.  0.18615394596063684
2.  380.  0.14598021902659952
2.  400.  0.1123300382366338
2.  420.  0.0845607808941226
2.  440.  0.061916705164887745
2.  460.  0.043146691563187005
2.  480.  0.029323378522233573
2.  500.  0.01845927806238656
2.  520.  0.010729200073313776
2.  540.  0.005901556808500857
2.  560.  0.0032879757057672635
2.  580.  0.0023975471290464206
2.  600.  0.0027941287408636503
2.  620.  0.004269979039872896
2.  640.  0.005440420697825751
2.  660.  0.0062383290606095355
2.  680.  0.006218161190115362
2.  700.  0.005515854961422702
2.  720.  0.005143959343337809
2.  740.  0.004131687444349963
2.  760.  0.0006113592114794067
2.  780.  -0.003273791705240343
2.  800.  -0.00564277027817679
2.  820.  -0.004982509468359089
2.  840.  -0.004605673742280384
2.  860.  0.0009831878695740492
2.  880.  0.0008210272704085634
2.  900.  -0.0007764009518839423
2.  920.  0.0041901762193194275
2.  940.  0.02233340826019302
2.  960.  0.008263629847182425
2.  980.  0.012057070394851587
2.  1000.  0.007232734284593438