2.6  20.  0.00006338810568714118
2.6  40.  0.0018469942628081513
2.6  60.  0.012014633591623419
2.6  80.  0.04088367896379532
2.6  100.  0.0952262217956891
2.6  120.  0.1714716416282598
2.6  140.  0.2551641878028614
2.6  160.  0.3270200308762545
2.6  180.  0.37114699512838306
2.6  200.  0.3805375521748051
2.6  220.  0.35780027850086504
2.6  240.  0.3121719635746539
2.6  260.  0.25520473695640344
2.6  280.  0.19716630011476094
2.6  300.  0.14509745241961997
2.6  320.  0.10248231390500638
2.6  340.  0.06997085825093044
2.6  360.  0.04650728491097203
2.6  380.  0.030325253154722672
2.6  400.  0.01963649123121037
2.6  420.  0.012951818162767066
2.6  440.  0.00901275559416959
2.6  460.  0.00703494120118712
2.6  480.  0.006039038793752801
2.6  500.  0.0055818404876892425
2.6  520.  0.0051126944052962905
2.6  540.  0.004297230066573969
2.6  560.  0.0031221839940622706
2.6  580.  0.0029503738228385933
2.6  600.  0.
2.6  620.  0.
2.6  640.  0.
2.6  660.  0.
2.6  680.  0.
2.6  700.  0.
2.6  720.  0.
2.6  740.  0.
2.6  760.  0.
2.6  780.  0.
2.6  800.  0.
2.6  820.  0.
2.6  840.  0.
2.6  860.  0.
2.6  880.  0.
2.6  900.  0.
2.6  920.  0.
2.6  940.  0.
2.6  960.  0.
2.6  980.  0.
2.6  1000.  0.