3.  20.  0.00006093332376379184
3.  40.  0.0017611398606222984
3.  60.  0.011300151168571585
3.  80.  0.037705022362560334
3.  100.  0.08557078857195496
3.  120.  0.14910438907514673
3.  140.  0.21309660743450803
3.  160.  0.2601358757498225
3.  180.  0.2786763712900724
3.  200.  0.2670351416464582
3.  220.  0.2321405236014839
3.  240.  0.18512337731374645
3.  260.  0.13671473228631612
3.  280.  0.09437671258367403
3.  300.  0.06157259109177314
3.  320.  0.0385491856596871
3.  340.  0.023698376712001305
3.  360.  0.014798847914641889
3.  380.  0.009788970287543363
3.  400.  0.007068417072356365
3.  420.  0.0055618964356564556
3.  440.  0.004571150026154872
3.  460.  0.0036969093374498723
3.  480.  0.002655558302837157
3.  500.  0.0015275026844058382
3.  520.  0.0003686082355730107
3.  540.  -0.0003032114382362778
3.  560.  -0.0006299264768287477
3.  580.  -0.0008328538006514008
3.  600.  -0.0005538446598864215
3.  620.  0.
3.  640.  0.
3.  660.  0.
3.  680.  0.
3.  700.  0.
3.  720.  0.
3.  740.  0.
3.  760.  0.
3.  780.  0.
3.  800.  0.
3.  820.  0.
3.  840.  0.
3.  860.  0.
3.  880.  0.
3.  900.  0.
3.  920.  0.
3.  940.  0.
3.  960.  0.
3.  980.  0.
3.  1000.  0.