3.4  20.  0.000050963864289904165
3.4  40.  0.001461458942594263
3.4  60.  0.009253477320660251
3.4  80.  0.03029491051710239
3.4  100.  0.06705010600699078
3.4  120.  0.11319026039684059
3.4  140.  0.15560733237289798
3.4  160.  0.18130118083303853
3.4  180.  0.1838131493310669
3.4  200.  0.1651995294950411
3.4  220.  0.13345691475038815
3.4  240.  0.09804665675354693
3.4  260.  0.06628674488641836
3.4  280.  0.04187998364123583
3.4  300.  0.02532001720492448
3.4  320.  0.015188925821493383
3.4  340.  0.00945991964022354
3.4  360.  0.006317979063428047
3.4  380.  0.004500375823821025
3.4  400.  0.003247891772393084
3.4  420.  0.0022177587110080244
3.4  440.  0.0012907584475089723
3.4  460.  0.00050212047487936
3.4  480.  0.
3.4  500.  0.
3.4  520.  0.
3.4  540.  0.
3.4  560.  0.
3.4  580.  0.
3.4  600.  0.
3.4  620.  0.
3.4  640.  0.
3.4  660.  0.
3.4  680.  0.
3.4  700.  0.
3.4  720.  0.
3.4  740.  0.
3.4  760.  0.
3.4  780.  0.
3.4  800.  0.
3.4  820.  0.
3.4  840.  0.
3.4  860.  0.
3.4  880.  0.
3.4  900.  0.
3.4  920.  0.
3.4  940.  0.
3.4  960.  0.
3.4  980.  0.
3.4  1000.  0.