4.  20.  0.000031527863718945295
4.  40.  0.0008939901030354372
4.  60.  0.005554247133442949
4.  80.  0.01770132854770081
4.  100.  0.0378216360398567
4.  120.  0.061104692181759304
4.  140.  0.07966932257701641
4.  160.  0.0872294396638447
4.  180.  0.08237217119625442
4.  200.  0.06842794094555708
4.  220.  0.05085753360889644
4.  240.  0.034415656497622044
4.  260.  0.021670383014460476
4.  280.  0.013058960989462172
4.  300.  0.0077710024105752855
4.  320.  0.00465923247611861
4.  340.  0.0027935538565032926
4.  360.  0.0016028090286775104
4.  380.  0.0008121442303947145
4.  400.  0.0003079443029785074
4.  420.  0.
4.  440.  0.
4.  460.  0.
4.  480.  0.
4.  500.  0.
4.  520.  0.
4.  540.  0.
4.  560.  0.
4.  580.  0.
4.  600.  0.
4.  620.  0.
4.  640.  0.
4.  660.  0.
4.  680.  0.
4.  700.  0.
4.  720.  0.
4.  740.  0.
4.  760.  0.
4.  780.  0.
4.  800.  0.
4.  820.  0.
4.  840.  0.
4.  860.  0.
4.  880.  0.
4.  900.  0.
4.  920.  0.
4.  940.  0.
4.  960.  0.
4.  980.  0.
4.  1000.  0.