4.4  20.  0.00002032942218473288
4.4  40.  0.0005723472039591265
4.4  60.  0.003513643612108684
4.4  80.  0.011011060318527324
4.4  100.  0.023021062610980733
4.4  120.  0.03621713835549667
4.4  140.  0.045769899847852485
4.4  160.  0.048378129627092724
4.4  180.  0.04397665452823387
4.4  200.  0.03513889203278783
4.4  220.  0.025179655914013624
4.4  240.  0.0165283657643774
4.4  260.  0.01017497663141464
4.4  280.  0.006006969539070371
4.4  300.  0.003441361355600474
4.4  320.  0.0018948546319459397
4.4  340.  0.0009648136329474521
4.4  360.  0.000443155663694888
4.4  380.  0.00014519185072622203
4.4  400.  0.
4.4  420.  0.
4.4  440.  0.
4.4  460.  0.
4.4  480.  0.
4.4  500.  0.
4.4  520.  0.
4.4  540.  0.
4.4  560.  0.
4.4  580.  0.
4.4  600.  0.
4.4  620.  0.
4.4  640.  0.
4.4  660.  0.
4.4  680.  0.
4.4  700.  0.
4.4  720.  0.
4.4  740.  0.
4.4  760.  0.
4.4  780.  0.
4.4  800.  0.
4.4  820.  0.
4.4  840.  0.
4.4  860.  0.
4.4  880.  0.
4.4  900.  0.
4.4  920.  0.
4.4  940.  0.
4.4  960.  0.
4.4  980.  0.
4.4  1000.  0.