4.8  20.  0.000012082907232627494
4.8  40.  0.0003378332858385779
4.8  60.  0.0020502178280175517
4.8  80.  0.006322574719938469
4.8  100.  0.012950618855063826
4.8  120.  0.01987831381510498
4.8  140.  0.024422126059990477
4.8  160.  0.025029111542490174
4.8  180.  0.022035280881162612
4.8  200.  0.01706704484578297
4.8  220.  0.01188700734523324
4.8  240.  0.00760389868054688
4.8  260.  0.004549029589539975
4.8  280.  0.002569287958480302
4.8  300.  0.0013620717357996066
4.8  320.  0.0006620072668021036
4.8  340.  0.0002853552196589539
4.8  360.  0.000108715112206455
4.8  380.  0.00004506406964838405
4.8  400.  0.000030380694634316637
4.8  420.  0.000028793961191777254
4.8  440.  0.
4.8  460.  0.
4.8  480.  0.
4.8  500.  0.
4.8  520.  0.
4.8  540.  0.
4.8  560.  0.
4.8  580.  0.
4.8  600.  0.
4.8  620.  0.
4.8  640.  0.
4.8  660.  0.
4.8  680.  0.
4.8  700.  0.
4.8  720.  0.
4.8  740.  0.
4.8  760.  0.
4.8  780.  0.
4.8  800.  0.
4.8  820.  0.
4.8  840.  0.
4.8  860.  0.
4.8  880.  0.
4.8  900.  0.
4.8  920.  0.
4.8  940.  0.
4.8  960.  0.
4.8  980.  0.
4.8  1000.  0.