5.2  20.  6.678007953419554e-6
5.2  40.  0.0001854574086966855
5.2  60.  0.0011129658586284709
5.2  80.  0.003379466496252402
5.2  100.  0.00678830085418871
5.2  120.  0.010181383857642222
5.2  140.  0.01218781133267424
5.2  160.  0.012148562009678938
5.2  180.  0.010397458883624127
5.2  200.  0.007833527805913348
5.2  220.  0.005308738580949509
5.2  240.  0.003293907079529675
5.2  260.  0.0018913502402433532
5.2  280.  0.0010051547376127303
5.2  300.  0.0004900809503298103
5.2  320.  0.0002180089479574806
5.2  340.  0.00009125814736107675
5.2  360.  0.00004122528068155373
5.2  380.  0.00002317492672723233
5.2  400.  0.
5.2  420.  0.
5.2  440.  0.
5.2  460.  0.
5.2  480.  0.
5.2  500.  0.
5.2  520.  0.
5.2  540.  0.
5.2  560.  0.
5.2  580.  0.
5.2  600.  0.
5.2  620.  0.
5.2  640.  0.
5.2  660.  0.
5.2  680.  0.
5.2  700.  0.
5.2  720.  0.
5.2  740.  0.
5.2  760.  0.
5.2  780.  0.
5.2  800.  0.
5.2  820.  0.
5.2  840.  0.
5.2  860.  0.
5.2  880.  0.
5.2  900.  0.
5.2  920.  0.
5.2  940.  0.
5.2  960.  0.
5.2  980.  0.
5.2  1000.  0.