5.4  20.  4.8421457175801866e-6
5.4  40.  0.00013402443295792218
5.4  60.  0.0007998816962004115
5.4  80.  0.0024104209523378834
5.4  100.  0.00479596077214498
5.4  120.  0.007113388490983812
5.4  140.  0.008410204632450903
5.4  160.  0.008273502747469567
5.4  180.  0.006986412812421589
5.4  200.  0.005192473952893329
5.4  220.  0.003468032249933907
5.4  240.  0.0021141966865002785
5.4  260.  0.0011856605176989352
5.4  280.  0.0006109653128199154
5.4  300.  0.0002884927456585589
5.4  320.  0.00012628814219460996
5.4  340.  0.0000545335848073865
5.4  360.  0.00002640646350733827
5.4  380.  0.000013841280317238516
5.4  400.  0.
5.4  420.  0.
5.4  440.  0.
5.4  460.  0.
5.4  480.  0.
5.4  500.  0.
5.4  520.  0.
5.4  540.  0.
5.4  560.  0.
5.4  580.  0.
5.4  600.  0.
5.4  620.  0.
5.4  640.  0.
5.4  660.  0.
5.4  680.  0.
5.4  700.  0.
5.4  720.  0.
5.4  740.  0.
5.4  760.  0.
5.4  780.  0.
5.4  800.  0.
5.4  820.  0.
5.4  840.  0.
5.4  860.  0.
5.4  880.  0.
5.4  900.  0.
5.4  920.  0.
5.4  940.  0.
5.4  960.  0.
5.4  980.  0.
5.4  1000.  0.