6.2  20.  1.1531898855831297e-6
6.2  40.  0.000031495938890610206
6.2  60.  0.0001838972899707695
6.2  80.  0.0005377965536250673
6.2  100.  0.00103093731595067
6.2  120.  0.0014643140729275136
6.2  140.  0.0016503389968929789
6.2  160.  0.0015427185633080079
6.2  180.  0.0012346792868055995
6.2  200.  0.0008662625361578137
6.2  220.  0.0005418714552026439
6.2  240.  0.0003055156956526312
6.2  260.  0.00015656840551159316
6.2  280.  0.00007386928418805386
6.2  300.  0.00003292073742812921
6.2  320.  0.000014191391078849436
6.2  340.  5.3355424454543626e-6
6.2  360.  2.1974485912246587e-6
6.2  380.  0.
6.2  400.  0.
6.2  420.  0.
6.2  440.  0.
6.2  460.  0.
6.2  480.  0.
6.2  500.  0.
6.2  520.  0.
6.2  540.  0.
6.2  560.  0.
6.2  580.  0.
6.2  600.  0.
6.2  620.  0.
6.2  640.  0.
6.2  660.  0.
6.2  680.  0.
6.2  700.  0.
6.2  720.  0.
6.2  740.  0.
6.2  760.  0.
6.2  780.  0.
6.2  800.  0.
6.2  820.  0.
6.2  840.  0.
6.2  860.  0.
6.2  880.  0.
6.2  900.  0.
6.2  920.  0.
6.2  940.  0.
6.2  960.  0.
6.2  980.  0.
6.2  1000.  0.