6.4  20.  7.786520789012056e-7
6.4  40.  0.000021195062769276823
6.4  60.  0.00012307225096894582
6.4  80.  0.00035722556171403983
6.4  100.  0.0006784731789585384
6.4  120.  0.0009534043884349966
6.4  140.  0.0010618451804213372
6.4  160.  0.0009799636126366917
6.4  180.  0.0007735052376209143
6.4  200.  0.0005344287064702154
6.4  220.  0.00032853104150848194
6.4  240.  0.00018170637675116925
6.4  260.  0.000091399358258219
6.4  280.  0.00004250840336857182
6.4  300.  0.000018715466730312093
6.4  320.  7.894758558245883e-6
6.4  340.  2.047082037022465e-6
6.4  360.  0.
6.4  380.  0.
6.4  400.  0.
6.4  420.  0.
6.4  440.  0.
6.4  460.  0.
6.4  480.  0.
6.4  500.  0.
6.4  520.  0.
6.4  540.  0.
6.4  560.  0.
6.4  580.  0.
6.4  600.  0.
6.4  620.  0.
6.4  640.  0.
6.4  660.  0.
6.4  680.  0.
6.4  700.  0.
6.4  720.  0.
6.4  740.  0.
6.4  760.  0.
6.4  780.  0.
6.4  800.  0.
6.4  820.  0.
6.4  840.  0.
6.4  860.  0.
6.4  880.  0.
6.4  900.  0.
6.4  920.  0.
6.4  940.  0.
6.4  960.  0.
6.4  980.  0.
6.4  1000.  0.