6.8  20.  3.4215372487826436e-7
6.8  40.  9.250187086111476e-6
6.8  60.  0.000053116886205356594
6.8  80.  0.00015185796632014915
6.8  100.  0.000283092008794873
6.8  120.  0.0003893193533911602
6.8  140.  0.0004233509305577015
6.8  160.  0.00038067526294994965
6.8  180.  0.0002920730408030591
6.8  200.  0.00019555542631227577
6.8  220.  0.00011611416970881476
6.8  240.  0.00006193616355809653
6.8  260.  0.00003013159771201362
6.8  280.  0.000013606528506486736
6.8  300.  5.746216406802362e-6
6.8  320.  2.2518524798668904e-6
6.8  340.  6.087610354222509e-7
6.8  360.  0.
6.8  380.  0.
6.8  400.  0.
6.8  420.  0.
6.8  440.  0.
6.8  460.  0.
6.8  480.  0.
6.8  500.  0.
6.8  520.  0.
6.8  540.  0.
6.8  560.  0.
6.8  580.  0.
6.8  600.  0.
6.8  620.  0.
6.8  640.  0.
6.8  660.  0.
6.8  680.  0.
6.8  700.  0.
6.8  720.  0.
6.8  740.  0.
6.8  760.  0.
6.8  780.  0.
6.8  800.  0.
6.8  820.  0.
6.8  840.  0.
6.8  860.  0.
6.8  880.  0.
6.8  900.  0.
6.8  920.  0.
6.8  940.  0.
6.8  960.  0.
6.8  980.  0.
6.8  1000.  0.