7.  20.  2.2289085431296868e-7
7.  40.  6.005061869537539e-6
7.  60.  0.00003428815862565403
7.  80.  0.0000972795145436559
7.  100.  0.00017964755240369295
7.  120.  0.0002443844035583783
7.  140.  0.0002625517894604561
7.  160.  0.00023298612409103491
7.  180.  0.00017619197605935386
7.  200.  0.00011610799930284862
7.  220.  0.00006777113373139926
7.  240.  0.00003553935845955889
7.  260.  0.000017016803873940376
7.  280.  7.554691240277637e-6
7.  300.  3.1247691499561472e-6
7.  320.  1.1749990836114866e-6
7.  340.  4.022048295784554e-7
7.  360.  0.
7.  380.  0.
7.  400.  0.
7.  420.  0.
7.  440.  0.
7.  460.  0.
7.  480.  0.
7.  500.  0.
7.  520.  0.
7.  540.  0.
7.  560.  0.
7.  580.  0.
7.  600.  0.
7.  620.  0.
7.  640.  0.
7.  660.  0.
7.  680.  0.
7.  700.  0.
7.  720.  0.
7.  740.  0.
7.  760.  0.
7.  780.  0.
7.  800.  0.
7.  820.  0.
7.  840.  0.
7.  860.  0.
7.  880.  0.
7.  900.  0.
7.  920.  0.
7.  940.  0.
7.  960.  0.
7.  980.  0.
7.  1000.  0.