9.  20.  1.7896014259616253e-9
9.  40.  4.6449799441292844e-8
9.  60.  2.4965072302142315e-7
9.  80.  6.529825371948858e-7
9.  100.  1.0921952850910313e-6
9.  120.  1.3262647349557948e-6
9.  140.  1.2565639966002152e-6
9.  160.  9.727579121391963e-7
9.  180.  6.353465485953774e-7
9.  200.  3.58601384419545e-7
9.  220.  1.7815942462635506e-7
9.  240.  7.891901914265808e-8
9.  260.  3.147308375584621e-8
9.  280.  1.14819399772887e-8
9.  300.  3.628549944411795e-9
9.  320.  1.4612670677042928e-9
9.  340.  0.
9.  360.  0.
9.  380.  0.
9.  400.  0.
9.  420.  0.
9.  440.  0.
9.  460.  0.
9.  480.  0.
9.  500.  0.
9.  520.  0.
9.  540.  0.
9.  560.  0.
9.  580.  0.
9.  600.  0.
9.  620.  0.
9.  640.  0.
9.  660.  0.
9.  680.  0.
9.  700.  0.
9.  720.  0.
9.  740.  0.
9.  760.  0.
9.  780.  0.
9.  800.  0.
9.  820.  0.
9.  840.  0.
9.  860.  0.
9.  880.  0.
9.  900.  0.
9.  920.  0.
9.  940.  0.
9.  960.  0.
9.  980.  0.
9.  1000.  0.