9.2  20.  1.054850645880075e-9
9.2  40.  2.7268924361755066e-8
9.2  60.  1.4561256417848607e-7
9.2  80.  3.7759158482180837e-7
9.2  100.  6.250570855010359e-7
9.2  120.  7.501660943262831e-7
9.2  140.  7.017060884225023e-7
9.2  160.  5.358471037088034e-7
9.2  180.  3.449843606009154e-7
9.2  200.  1.917950098821776e-7
9.2  220.  9.375127295704855e-8
9.2  240.  4.079962193663039e-8
9.2  260.  1.600120397824332e-8
9.2  280.  5.724727405568556e-9
9.2  300.  1.6623066592017995e-9
9.2  320.  0.
9.2  340.  0.
9.2  360.  0.
9.2  380.  0.
9.2  400.  0.
9.2  420.  0.
9.2  440.  0.
9.2  460.  0.
9.2  480.  0.
9.2  500.  0.
9.2  520.  0.
9.2  540.  0.
9.2  560.  0.
9.2  580.  0.
9.2  600.  0.
9.2  620.  0.
9.2  640.  0.
9.2  660.  0.
9.2  680.  0.
9.2  700.  0.
9.2  720.  0.
9.2  740.  0.
9.2  760.  0.
9.2  780.  0.
9.2  800.  0.
9.2  820.  0.
9.2  840.  0.
9.2  860.  0.
9.2  880.  0.
9.2  900.  0.
9.2  920.  0.
9.2  940.  0.
9.2  960.  0.
9.2  980.  0.
9.2  1000.  0.