9.6  20.  3.587693231287137e-10
9.6  40.  9.198495243566415e-9
9.6  60.  4.847382192939128e-8
9.6  80.  1.2351895310970561e-7
9.6  100.  2.0023828194331834e-7
9.6  120.  2.3472869511730503e-7
9.6  140.  2.1402962142434158e-7
9.6  160.  1.5906157064714077e-7
9.6  180.  9.951943324409282e-8
9.6  200.  5.3679027129793074e-8
9.6  220.  2.5392153544528427e-8
9.6  240.  1.0668923836782614e-8
9.6  260.  4.030156295814504e-9
9.6  280.  1.3913407054514963e-9
9.6  300.  5.091694730750706e-10
9.6  320.  0.
9.6  340.  0.
9.6  360.  0.
9.6  380.  0.
9.6  400.  0.
9.6  420.  0.
9.6  440.  0.
9.6  460.  0.
9.6  480.  0.
9.6  500.  0.
9.6  520.  0.
9.6  540.  0.
9.6  560.  0.
9.6  580.  0.
9.6  600.  0.
9.6  620.  0.
9.6  640.  0.
9.6  660.  0.
9.6  680.  0.
9.6  700.  0.
9.6  720.  0.
9.6  740.  0.
9.6  760.  0.
9.6  780.  0.
9.6  800.  0.
9.6  820.  0.
9.6  840.  0.
9.6  860.  0.
9.6  880.  0.
9.6  900.  0.
9.6  920.  0.
9.6  940.  0.
9.6  960.  0.
9.6  980.  0.
9.6  1000.  0.