9.8  20.  2.071204551350468e-10
9.8  40.  5.2880975589238805e-9
9.8  60.  2.768017524493403e-8
9.8  80.  6.991115690833905e-8
9.8  100.  1.1214600968399542e-7
9.8  120.  1.2992293175317763e-7
9.8  140.  1.1696863660182941e-7
9.8  160.  8.57639506719263e-8
9.8  180.  5.290166356123869e-8
9.8  200.  2.810319933755637e-8
9.8  220.  1.3076813452231369e-8
9.8  240.  5.396215649804189e-9
9.8  260.  2.005274186568636e-9
9.8  280.  6.822184473233272e-10
9.8  300.  2.1605246552904685e-10
9.8  320.  0.
9.8  340.  0.
9.8  360.  0.
9.8  380.  0.
9.8  400.  0.
9.8  420.  0.
9.8  440.  0.
9.8  460.  0.
9.8  480.  0.
9.8  500.  0.
9.8  520.  0.
9.8  540.  0.
9.8  560.  0.
9.8  580.  0.
9.8  600.  0.
9.8  620.  0.
9.8  640.  0.
9.8  660.  0.
9.8  680.  0.
9.8  700.  0.
9.8  720.  0.
9.8  740.  0.
9.8  760.  0.
9.8  780.  0.
9.8  800.  0.
9.8  820.  0.
9.8  840.  0.
9.8  860.  0.
9.8  880.  0.
9.8  900.  0.
9.8  920.  0.
9.8  940.  0.
9.8  960.  0.
9.8  980.  0.
9.8  1000.  0.