0.8  20.  2.3407165232847257e-6
0.8  40.  0.0000705003941982493
0.8  60.  0.00048480437900653544
0.8  80.  0.0017843244694867202
0.8  100.  0.004601299842002961
0.8  120.  0.00939251473096823
0.8  140.  0.016223672183110723
0.8  160.  0.024703109114365594
0.8  180.  0.03406468938334431
0.8  200.  0.04333819867453575
0.8  220.  0.05153719548688082
0.8  240.  0.057816773843199734
0.8  260.  0.06157956039306479
0.8  280.  0.06252592081788451
0.8  300.  0.0606540687093909
0.8  320.  0.056221116078711324
0.8  340.  0.04967908695932369
0.8  360.  0.04159998340875541
0.8  380.  0.03260238132129922
0.8  400.  0.023288593186631408
0.8  420.  0.014164135166693894
0.8  440.  0.005773001961329423
0.8  460.  -0.0016486221916623262
0.8  480.  -0.007842871750069997
0.8  500.  -0.012688545145923366
0.8  520.  -0.016154865692106456
0.8  540.  -0.018282253838319818
0.8  560.  -0.019170980555174084
0.8  580.  -0.01895832705246604
0.8  600.  -0.017808575647673502
0.8  620.  -0.01588511121151053
0.8  640.  -0.013360829773849288
0.8  660.  -0.010441126144175923
0.8  680.  -0.007290614639520757
0.8  700.  -0.004014394356142879
0.8  720.  -0.0007454117820707481
0.8  740.  0.00233379129852755
0.8  760.  0.005192404825587277
0.8  780.  0.007135468063675162
0.8  800.  0.009920718128800049
0.8  820.  0.011732782990958946
0.8  840.  0.013104393848970218
0.8  860.  0.01401814841196043
0.8  880.  0.014495707450944365
0.8  900.  0.014487692839666954
0.8  920.  0.014011254258443406
0.8  940.  0.013210229283386075
0.8  960.  0.012712726794155685
0.8  980.  0.011348910138838809
0.8  1000.  0.009939428379682372