1.2  20.  0.00001166928142997437
1.2  40.  0.0003495164470634684
1.2  60.  0.002381426488086288
1.2  80.  0.008653722171088927
1.2  100.  0.021959382058318617
1.2  120.  0.04397662613641026
1.2  140.  0.07433205941580558
1.2  160.  0.11053758134509689
1.2  180.  0.14868122586906915
1.2  200.  0.1844395090263799
1.2  220.  0.21400006149702502
1.2  240.  0.2346724651893499
1.2  260.  0.24514402734987756
1.2  280.  0.24543929671430664
1.2  300.  0.23667676909846916
1.2  320.  0.22071945193626577
1.2  340.  0.1997884137095997
1.2  360.  0.17614807295678697
1.2  380.  0.151825983524008
1.2  400.  0.1284569282160389
1.2  420.  0.1072089412279822
1.2  440.  0.08877976612667403
1.2  460.  0.07345166013458532
1.2  480.  0.06116791189021299
1.2  500.  0.05162784647752055
1.2  520.  0.044395206805632026
1.2  540.  0.038941307997553014
1.2  560.  0.034748390754240334
1.2  580.  0.03130943525173575
1.2  600.  0.02822543592285592
1.2  620.  0.025280040442677055
1.2  640.  0.02217613369840644
1.2  660.  0.01883834838261141
1.2  680.  0.015242032395069823
1.2  700.  0.011373831743435056
1.2  720.  0.007893383122599172
1.2  740.  0.0037088818198345547
1.2  760.  0.
1.2  780.  0.
1.2  800.  0.
1.2  820.  0.
1.2  840.  0.
1.2  860.  0.
1.2  880.  0.
1.2  900.  0.
1.2  920.  0.
1.2  940.  0.
1.2  960.  0.
1.2  980.  0.
1.2  1000.  0.