1.8  20.  0.00003871190599041705
1.8  40.  0.0011466475614768513
1.8  60.  0.0076684041405587
1.8  80.  0.027145065717326913
1.8  100.  0.06659402322425484
1.8  120.  0.1279710491561773
1.8  140.  0.20606394352469787
1.8  160.  0.2899599267020452
1.8  180.  0.36682216771479276
1.8  200.  0.42578607242629335
1.8  220.  0.4604046191732484
1.8  240.  0.4692337619461887
1.8  260.  0.45499165757641613
1.8  280.  0.423010957065298
1.8  300.  0.37960914923967537
1.8  320.  0.33077328961214914
1.8  340.  0.28133022479152553
1.8  360.  0.23460364803264339
1.8  380.  0.19246862610689489
1.8  400.  0.1556053411281575
1.8  420.  0.12396738623931515
1.8  440.  0.09704829579678394
1.8  460.  0.0742513098620214
1.8  480.  0.05504939685690135
1.8  500.  0.03900676627467648
1.8  520.  0.0258821757426975
1.8  540.  0.015554400007185793
1.8  560.  0.007884203887106362
1.8  580.  0.00264429638482871
1.8  600.  0.
1.8  620.  0.
1.8  640.  0.
1.8  660.  0.
1.8  680.  0.
1.8  700.  0.
1.8  720.  0.
1.8  740.  0.
1.8  760.  0.
1.8  780.  0.
1.8  800.  0.
1.8  820.  0.
1.8  840.  0.
1.8  860.  0.
1.8  880.  0.
1.8  900.  0.
1.8  920.  0.
1.8  940.  0.
1.8  960.  0.
1.8  980.  0.
1.8  1000.  0.