2.2  20.  0.00005547631109660415
2.2  40.  0.001629834624934213
2.2  60.  0.010750717795148714
2.2  80.  0.037318215358326974
2.2  100.  0.0892343472629514
2.2  120.  0.16608551757541581
2.2  140.  0.2573375222447151
2.2  160.  0.34610816693330165
2.2  180.  0.41569505357257147
2.2  200.  0.45505859272870886
2.2  220.  0.4610891898223975
2.2  240.  0.43770780631156003
2.2  260.  0.3931525667645521
2.2  280.  0.33695574110064586
2.2  300.  0.2776058535539262
2.2  320.  0.2212848997449255
2.2  340.  0.17158240509301578
2.2  360.  0.12989898710272382
2.2  380.  0.09612746400777339
2.2  400.  0.06946422284114842
2.2  420.  0.04876608073691403
2.2  440.  0.03307145957410143
2.2  460.  0.02159338651187984
2.2  480.  0.013585996135520632
2.2  500.  0.008585118143768545
2.2  520.  0.005927073321895491
2.2  540.  0.005009674105280213
2.2  560.  0.005182392249566573
2.2  580.  0.005548106170902788
2.2  600.  0.006136575050135521
2.2  620.  0.005563433176339471
2.2  640.  0.005190288171856695
2.2  660.  -0.008685904251693875
2.2  680.  0.0019834329144375763
2.2  700.  0.
2.2  720.  0.
2.2  740.  0.
2.2  760.  0.
2.2  780.  0.
2.2  800.  0.
2.2  820.  0.
2.2  840.  0.
2.2  860.  0.
2.2  880.  0.
2.2  900.  0.
2.2  920.  0.
2.2  940.  0.
2.2  960.  0.
2.2  980.  0.
2.2  1000.  0.