2.4  20.  0.00006076005796157002
2.4  40.  0.0017777131145869224
2.4  60.  0.011644666829462297
2.4  80.  0.04002086230334693
2.4  100.  0.09444963241424537
2.4  120.  0.17291709670930233
2.4  140.  0.2625937463384916
2.4  160.  0.3448321294285241
2.4  180.  0.4027493819010384
2.4  200.  0.42693834868042774
2.4  220.  0.41709868930671223
2.4  240.  0.3800878966429395
2.4  260.  0.3262903362473999
2.4  280.  0.26613881886664015
2.4  300.  0.20782826897526843
2.4  320.  0.1564414744382488
2.4  340.  0.11416050210363748
2.4  360.  0.08108723169328053
2.4  380.  0.05615824349759882
2.4  400.  0.03793992219911552
2.4  420.  0.025032845332376527
2.4  440.  0.01630910906202933
2.4  460.  0.01077832602380473
2.4  480.  0.007657927368645436
2.4  500.  0.0062427655476281286
2.4  520.  0.005838469243247179
2.4  540.  0.005636743051664749
2.4  560.  0.005292145792663264
2.4  580.  0.0051050224075459534
2.4  600.  0.0038264228329136524
2.4  620.  0.0022395290232529487
2.4  640.  0.0005067573956706281
2.4  660.  -0.0016473447672399246
2.4  680.  -0.002460401657675907
2.4  700.  -0.0019057671704024275
2.4  720.  -0.0016962179812299166
2.4  740.  0.0006823656631249778
2.4  760.  0.003431640100187756
2.4  780.  0.0009571046193949139
2.4  800.  0.
2.4  820.  0.
2.4  840.  0.
2.4  860.  0.
2.4  880.  0.
2.4  900.  0.
2.4  920.  0.
2.4  940.  0.
2.4  960.  0.
2.4  980.  0.
2.4  1000.  0.