2.8  20.  0.00006335197577535816
2.8  40.  0.0018384323802836367
2.8  60.  0.011876729454975159
2.8  80.  0.04001729762720909
2.8  100.  0.09199836033924119
2.8  120.  0.16294439300363145
2.8  140.  0.23760223674030365
2.8  160.  0.2971619820761776
2.8  180.  0.3276326758767506
2.8  200.  0.3247251731135614
2.8  220.  0.293569473219193
2.8  240.  0.24486551200360374
2.8  260.  0.1902373168063987
2.8  280.  0.1388543410135583
2.8  300.  0.09604989094099738
2.8  320.  0.06358573805825694
2.8  340.  0.04077136051075206
2.8  360.  0.025744807059346154
2.8  380.  0.01640283616408438
2.8  400.  0.01091283842514975
2.8  420.  0.007874670751977227
2.8  440.  0.006297738702992367
2.8  460.  0.005434517800391595
2.8  480.  0.004677003459606091
2.8  500.  0.003807163074786995
2.8  520.  0.002524627090252075
2.8  540.  0.0014279845759006566
2.8  560.  0.00042224435573331624
2.8  580.  -0.001011065113835796
2.8  600.  -0.0007589236626282419
2.8  620.  -0.0010293064706543254
2.8  640.  -0.0010752466842625869
2.8  660.  -0.0009225804104584512
2.8  680.  0.
2.8  700.  0.
2.8  720.  0.
2.8  740.  0.
2.8  760.  0.
2.8  780.  0.
2.8  800.  0.
2.8  820.  0.
2.8  840.  0.
2.8  860.  0.
2.8  880.  0.
2.8  900.  0.
2.8  920.  0.
2.8  940.  0.
2.8  960.  0.
2.8  980.  0.
2.8  1000.  0.