3.2  20.  0.00005661187622055842
3.2  40.  0.0016297626963300447
3.2  60.  0.010387288373557966
3.2  80.  0.03432818017005462
3.2  100.  0.0769251683642571
3.2  120.  0.13190758729992422
3.2  140.  0.1848428019815932
3.2  160.  0.22035848713160006
3.2  180.  0.22952273534791623
3.2  200.  0.21282488804015282
3.2  220.  0.17813279054787715
3.2  240.  0.13608066312674783
3.2  260.  0.09584466389964112
3.2  280.  0.0629525541901167
3.2  300.  0.03918202190788721
3.2  320.  0.02369790379550379
3.2  340.  0.014500504217897657
3.2  360.  0.009327742646053157
3.2  380.  0.006557068544234534
3.2  400.  0.004953131971178632
3.2  420.  0.003790717611714107
3.2  440.  0.0028090369552700085
3.2  460.  0.0018590648487768395
3.2  480.  0.0008372360456982543
3.2  500.  0.
3.2  520.  0.
3.2  540.  0.
3.2  560.  0.
3.2  580.  0.
3.2  600.  0.
3.2  620.  0.
3.2  640.  0.
3.2  660.  0.
3.2  680.  0.
3.2  700.  0.
3.2  720.  0.
3.2  740.  0.
3.2  760.  0.
3.2  780.  0.
3.2  800.  0.
3.2  820.  0.
3.2  840.  0.
3.2  860.  0.
3.2  880.  0.
3.2  900.  0.
3.2  920.  0.
3.2  940.  0.
3.2  960.  0.
3.2  980.  0.
3.2  1000.  0.