3.8  20.  0.00003795359514702378
3.8  40.  0.001080158847455421
3.8  60.  0.006752462386767571
3.8  80.  0.021708984981566017
3.8  100.  0.04691585419615693
3.8  120.  0.07687393233317963
3.8  140.  0.10193207915995563
3.8  160.  0.11380186302228257
3.8  180.  0.10983665343796875
3.8  200.  0.09340618301794688
3.8  220.  0.07107962992655172
3.8  240.  0.049137407284744014
3.8  260.  0.031432678217082614
3.8  280.  0.019091609516159673
3.8  300.  0.011397852209468809
3.8  320.  0.006923574087724338
3.8  340.  0.004337833771883669
3.8  360.  0.002739462348863176
3.8  380.  0.0016349894697613575
3.8  400.  0.0008829793008745855
3.8  420.  0.00031336224983961674
3.8  440.  0.
3.8  460.  0.
3.8  480.  0.
3.8  500.  0.
3.8  520.  0.
3.8  540.  0.
3.8  560.  0.
3.8  580.  0.
3.8  600.  0.
3.8  620.  0.
3.8  640.  0.
3.8  660.  0.
3.8  680.  0.
3.8  700.  0.
3.8  720.  0.
3.8  740.  0.
3.8  760.  0.
3.8  780.  0.
3.8  800.  0.
3.8  820.  0.
3.8  840.  0.
3.8  860.  0.
3.8  880.  0.
3.8  900.  0.
3.8  920.  0.
3.8  940.  0.
3.8  960.  0.
3.8  980.  0.
3.8  1000.  0.