4.2  20.  0.000025592118456461343
4.2  40.  0.0007230668580639815
4.2  60.  0.004465259998210289
4.2  80.  0.01411000589017157
4.2  100.  0.02981736197993429
4.2  120.  0.04752433865290918
4.2  140.  0.060979181805721934
4.2  160.  0.06555993456871753
4.2  180.  0.060687606421553617
4.2  200.  0.04938325657948408
4.2  220.  0.03598451454822254
4.2  240.  0.023948703761748586
4.2  260.  0.014904910713863729
4.2  280.  0.008910933698800643
4.2  300.  0.005234792883514963
4.2  320.  0.0030342192074982064
4.2  340.  0.001691233780189482
4.2  360.  0.00085474689968786
4.2  380.  0.00035240336540192383
4.2  400.  0.00009132720536089196
4.2  420.  0.
4.2  440.  0.
4.2  460.  0.
4.2  480.  0.
4.2  500.  0.
4.2  520.  0.
4.2  540.  0.
4.2  560.  0.
4.2  580.  0.
4.2  600.  0.
4.2  620.  0.
4.2  640.  0.
4.2  660.  0.
4.2  680.  0.
4.2  700.  0.
4.2  720.  0.
4.2  740.  0.
4.2  760.  0.
4.2  780.  0.
4.2  800.  0.
4.2  820.  0.
4.2  840.  0.
4.2  860.  0.
4.2  880.  0.
4.2  900.  0.
4.2  920.  0.
4.2  940.  0.
4.2  960.  0.
4.2  980.  0.
4.2  1000.  0.