5.6  20.  3.4566715414533683e-6
5.6  40.  0.00009535820793172054
5.6  60.  0.0005660006825779236
5.6  80.  0.0016928269109389709
5.6  100.  0.0033366907882641807
5.6  120.  0.004895009979241359
5.6  140.  0.0057175022370376995
5.6  160.  0.00555255143836738
5.6  180.  0.004626853020116301
5.6  200.  0.0033915777619106875
5.6  220.  0.002230635589149561
5.6  240.  0.0013344124769585298
5.6  260.  0.0007305420001662043
5.6  280.  0.0003661706584250598
5.6  300.  0.0001688167787386658
5.6  320.  0.00007401196901812157
5.6  340.  0.00003299857420581062
5.6  360.  0.000015765637328236632
5.6  380.  7.075300194628911e-6
5.6  400.  0.
5.6  420.  0.
5.6  440.  0.
5.6  460.  0.
5.6  480.  0.
5.6  500.  0.
5.6  520.  0.
5.6  540.  0.
5.6  560.  0.
5.6  580.  0.
5.6  600.  0.
5.6  620.  0.
5.6  640.  0.
5.6  660.  0.
5.6  680.  0.
5.6  700.  0.
5.6  720.  0.
5.6  740.  0.
5.6  760.  0.
5.6  780.  0.
5.6  800.  0.
5.6  820.  0.
5.6  840.  0.
5.6  860.  0.
5.6  880.  0.
5.6  900.  0.
5.6  920.  0.
5.6  940.  0.
5.6  960.  0.
5.6  980.  0.
5.6  1000.  0.