5.8  20.  2.4311918038183725e-6
5.8  40.  0.00006684580231610974
5.8  60.  0.0003945990896049218
5.8  80.  0.0011713775812214884
5.8  100.  0.0022874702763966063
5.8  120.  0.0033196052327004624
5.8  140.  0.003831207643993028
5.8  160.  0.003673577754066278
5.8  180.  0.0030206836270340047
5.8  200.  0.002183029205657204
5.8  220.  0.0014127644024581102
5.8  240.  0.0008287129375435117
5.8  260.  0.00044315772780222047
5.8  280.  0.0002168326033248488
5.8  300.  0.00009867233883884754
5.8  320.  0.000043271725370924147
5.8  340.  0.000018386510705250438
5.8  360.  8.85009374266509e-6
5.8  380.  0.
5.8  400.  0.
5.8  420.  0.
5.8  440.  0.
5.8  460.  0.
5.8  480.  0.
5.8  500.  0.
5.8  520.  0.
5.8  540.  0.
5.8  560.  0.
5.8  580.  0.
5.8  600.  0.
5.8  620.  0.
5.8  640.  0.
5.8  660.  0.
5.8  680.  0.
5.8  700.  0.
5.8  720.  0.
5.8  740.  0.
5.8  760.  0.
5.8  780.  0.
5.8  800.  0.
5.8  820.  0.
5.8  840.  0.
5.8  860.  0.
5.8  880.  0.
5.8  900.  0.
5.8  920.  0.
5.8  940.  0.
5.8  960.  0.
5.8  980.  0.
5.8  1000.  0.