6.6  20.  5.192488971469793e-7
6.6  40.  0.000014086166526381899
6.6  60.  0.00008134047614246583
6.6  80.  0.00023432129156535444
6.6  100.  0.00044092341618102494
6.6  120.  0.0006129660910359571
6.6  140.  0.0006745944751809445
6.6  160.  0.0006145740750636448
6.6  180.  0.0004783157746694656
6.6  200.  0.000325353798121989
6.6  220.  0.00019654972809408585
6.6  240.  0.00010672157962488342
6.6  260.  0.00005276643106646478
6.6  280.  0.000024194943196488962
6.6  300.  0.000010479844555117006
6.6  320.  4.2644634567121065e-6
6.6  340.  1.2575506236862252e-6
6.6  360.  0.
6.6  380.  0.
6.6  400.  0.
6.6  420.  0.
6.6  440.  0.
6.6  460.  0.
6.6  480.  0.
6.6  500.  0.
6.6  520.  0.
6.6  540.  0.
6.6  560.  0.
6.6  580.  0.
6.6  600.  0.
6.6  620.  0.
6.6  640.  0.
6.6  660.  0.
6.6  680.  0.
6.6  700.  0.
6.6  720.  0.
6.6  740.  0.
6.6  760.  0.
6.6  780.  0.
6.6  800.  0.
6.6  820.  0.
6.6  840.  0.
6.6  860.  0.
6.6  880.  0.
6.6  900.  0.
6.6  920.  0.
6.6  940.  0.
6.6  960.  0.
6.6  980.  0.
6.6  1000.  0.