7.4  20.  9.155925809710533e-8
7.4  40.  2.4494284271284836e-6
7.4  60.  0.000013826064848018209
7.4  80.  0.000038620923746143704
7.4  100.  0.00006997415763766519
7.4  120.  0.00009311624779242786
7.4  140.  0.00009761701851991229
7.4  160.  0.00008433177639671062
7.4  180.  0.00006193316033611666
7.4  200.  0.000039536822161552376
7.4  220.  0.000022322642743352473
7.4  240.  0.000011326876774482486
7.4  260.  5.248371331364279e-6
7.4  280.  2.240333818912885e-6
7.4  300.  8.764098790417704e-7
7.4  320.  3.1198495199372606e-7
7.4  340.  1.0532811377539874e-7
7.4  360.  0.
7.4  380.  0.
7.4  400.  0.
7.4  420.  0.
7.4  440.  0.
7.4  460.  0.
7.4  480.  0.
7.4  500.  0.
7.4  520.  0.
7.4  540.  0.
7.4  560.  0.
7.4  580.  0.
7.4  600.  0.
7.4  620.  0.
7.4  640.  0.
7.4  660.  0.
7.4  680.  0.
7.4  700.  0.
7.4  720.  0.
7.4  740.  0.
7.4  760.  0.
7.4  780.  0.
7.4  800.  0.
7.4  820.  0.
7.4  840.  0.
7.4  860.  0.
7.4  880.  0.
7.4  900.  0.
7.4  920.  0.
7.4  940.  0.
7.4  960.  0.
7.4  980.  0.
7.4  1000.  0.