7.6  20.  5.7784650952460265e-8
7.6  40.  1.5403284075221436e-6
7.6  60.  8.643817210222747e-6
7.6  80.  0.000023955145662496134
7.6  100.  0.000042984652728667666
7.6  120.  0.000056566380353758966
7.6  140.  0.000058569390813615046
7.6  160.  0.00004991603490912546
7.6  180.  0.00003612138705908679
7.6  200.  0.000022698368830823974
7.6  220.  0.000012609296361762788
7.6  240.  6.295786083682052e-6
7.6  260.  2.8665118661102075e-6
7.6  280.  1.1965717170268216e-6
7.6  300.  4.5621636543515326e-7
7.6  320.  1.6275756582759695e-7
7.6  340.  0.
7.6  360.  0.
7.6  380.  0.
7.6  400.  0.
7.6  420.  0.
7.6  440.  0.
7.6  460.  0.
7.6  480.  0.
7.6  500.  0.
7.6  520.  0.
7.6  540.  0.
7.6  560.  0.
7.6  580.  0.
7.6  600.  0.
7.6  620.  0.
7.6  640.  0.
7.6  660.  0.
7.6  680.  0.
7.6  700.  0.
7.6  720.  0.
7.6  740.  0.
7.6  760.  0.
7.6  780.  0.
7.6  800.  0.
7.6  820.  0.
7.6  840.  0.
7.6  860.  0.
7.6  880.  0.
7.6  900.  0.
7.6  920.  0.
7.6  940.  0.
7.6  960.  0.
7.6  980.  0.
7.6  1000.  0.