7.8  20.  3.611534517391658e-8
7.8  40.  9.592006229515814e-7
7.8  60.  5.350910219301173e-6
7.8  80.  0.000014711314379754187
7.8  100.  0.000026141174301470304
7.8  120.  0.00003401623812650787
7.8  140.  0.00003478322446878946
7.8  160.  0.000029242011192046024
7.8  180.  0.00002085045601942151
7.8  200.  0.000012898762448251921
7.8  220.  7.051538372262707e-6
7.8  240.  3.463806531721101e-6
7.8  260.  1.5488332493462642e-6
7.8  280.  6.314371548845928e-7
7.8  300.  2.354418415694495e-7
7.8  320.  8.499588986415568e-8
7.8  340.  0.
7.8  360.  0.
7.8  380.  0.
7.8  400.  0.
7.8  420.  0.
7.8  440.  0.
7.8  460.  0.
7.8  480.  0.
7.8  500.  0.
7.8  520.  0.
7.8  540.  0.
7.8  560.  0.
7.8  580.  0.
7.8  600.  0.
7.8  620.  0.
7.8  640.  0.
7.8  660.  0.
7.8  680.  0.
7.8  700.  0.
7.8  720.  0.
7.8  740.  0.
7.8  760.  0.
7.8  780.  0.
7.8  800.  0.
7.8  820.  0.
7.8  840.  0.
7.8  860.  0.
7.8  880.  0.
7.8  900.  0.
7.8  920.  0.
7.8  940.  0.
7.8  960.  0.
7.8  980.  0.
7.8  1000.  0.