8.  20.  2.236164414141354e-8
8.  40.  5.917193757199004e-7
8.  60.  3.2811527715234904e-6
8.  80.  8.94831268218954e-6
8.  100.  0.000015744637403303262
8.  120.  0.000020256786984398327
8.  140.  0.000020454510900081854
8.  160.  0.000016961633344882543
8.  180.  0.00001191698261074793
8.  200.  7.258647879125047e-6
8.  220.  3.905675333293011e-6
8.  240.  1.8869773442079774e-6
8.  260.  8.261375526268436e-7
8.  280.  3.307892059229664e-7
8.  300.  1.2085749141964478e-7
8.  320.  4.372422430404725e-8
8.  340.  0.
8.  360.  0.
8.  380.  0.
8.  400.  0.
8.  420.  0.
8.  440.  0.
8.  460.  0.
8.  480.  0.
8.  500.  0.
8.  520.  0.
8.  540.  0.
8.  560.  0.
8.  580.  0.
8.  600.  0.
8.  620.  0.
8.  640.  0.
8.  660.  0.
8.  680.  0.
8.  700.  0.
8.  720.  0.
8.  740.  0.
8.  760.  0.
8.  780.  0.
8.  800.  0.
8.  820.  0.
8.  840.  0.
8.  860.  0.
8.  880.  0.
8.  900.  0.
8.  920.  0.
8.  940.  0.
8.  960.  0.
8.  980.  0.
8.  1000.  0.