8.6  20.  5.035668441958442e-9
8.6  40.  1.3173809326318333e-7
8.6  60.  7.171186247530313e-7
8.6  80.  1.9078175402588777e-6
8.6  100.  3.2571860082819455e-6
8.6  120.  4.048547449813697e-6
8.6  140.  3.9351546517645395e-6
8.6  160.  3.1311710691975736e-6
8.6  180.  2.1052271573681725e-6
8.6  200.  1.224753346259716e-6
8.6  220.  6.283671227726221e-7
8.6  240.  2.8837345997161506e-7
8.6  260.  1.1936383651530318e-7
8.6  280.  4.491867058594199e-8
8.6  300.  1.578725274824058e-8
8.6  320.  5.339547899783267e-9
8.6  340.  0.
8.6  360.  0.
8.6  380.  0.
8.6  400.  0.
8.6  420.  0.
8.6  440.  0.
8.6  460.  0.
8.6  480.  0.
8.6  500.  0.
8.6  520.  0.
8.6  540.  0.
8.6  560.  0.
8.6  580.  0.
8.6  600.  0.
8.6  620.  0.
8.6  640.  0.
8.6  660.  0.
8.6  680.  0.
8.6  700.  0.
8.6  720.  0.
8.6  740.  0.
8.6  760.  0.
8.6  780.  0.
8.6  800.  0.
8.6  820.  0.
8.6  840.  0.
8.6  860.  0.
8.6  880.  0.
8.6  900.  0.
8.6  920.  0.
8.6  940.  0.
8.6  960.  0.
8.6  980.  0.
8.6  1000.  0.