9.4  20.  6.173149255178946e-10
9.4  40.  1.589309539224093e-8
9.4  60.  8.431139893919917e-8
9.4  80.  2.1673470781980612e-7
9.4  100.  3.5505562400113175e-7
9.4  120.  4.2114245591914693e-7
9.4  140.  3.8893422639503854e-7
9.4  160.  2.929890270988488e-7
9.4  180.  1.8594780786850283e-7
9.4  200.  1.0182831626161895e-7
9.4  220.  4.896512107393689e-8
9.4  240.  2.0937709284635875e-8
9.4  260.  8.06901502435525e-9
9.4  280.  2.9145187141048485e-9
9.4  300.  9.352621169544424e-10
9.4  320.  0.
9.4  340.  0.
9.4  360.  0.
9.4  380.  0.
9.4  400.  0.
9.4  420.  0.
9.4  440.  0.
9.4  460.  0.
9.4  480.  0.
9.4  500.  0.
9.4  520.  0.
9.4  540.  0.
9.4  560.  0.
9.4  580.  0.
9.4  600.  0.
9.4  620.  0.
9.4  640.  0.
9.4  660.  0.
9.4  680.  0.
9.4  700.  0.
9.4  720.  0.
9.4  740.  0.
9.4  760.  0.
9.4  780.  0.
9.4  800.  0.
9.4  820.  0.
9.4  840.  0.
9.4  860.  0.
9.4  880.  0.
9.4  900.  0.
9.4  920.  0.
9.4  940.  0.
9.4  960.  0.
9.4  980.  0.
9.4  1000.  0.