-0.4  -7.82  0.7634256921669893
-0.4  -7.64  0.7634255881236012
-0.4  -7.46  0.7634254390042683
-0.4  -7.28  0.7634252252701383
-0.4  -7.1  0.7634249189216163
-0.4  -6.92  0.7634244798222655
-0.4  -6.74  0.7634238504430464
-0.4  -6.56  0.763422948339658
-0.4  -6.38  0.7634216553326836
-0.4  -6.2  0.7634198020286673
-0.4  -6.02  0.7634171456449669
-0.4  -5.84  0.7634133381909508
-0.4  -5.66  0.7634078808965103
-0.4  -5.48  0.7634000588788972
-0.4  -5.3  0.7633888475228124
-0.4  -5.12  0.7633727783087089
-0.4  -4.94  0.7633497465555222
-0.4  -4.76  0.7633167359534823
-0.4  -4.58  0.7632694239428351
-0.4  -4.4  0.763201616521719
-0.4  -4.22  0.7631044390857687
-0.4  -4.04  0.762965178230753
-0.4  -3.86  0.7627656258979798
-0.4  -3.68  0.7624797118692292
-0.4  -3.5  0.7620701344753641
-0.4  -3.32  0.7614835459543885
-0.4  -3.14  0.7606437375295713
-0.4  -2.96  0.7594419957827718
-0.4  -2.78  0.7577235673161693
-0.4  -2.6  0.7552688055433039
-0.4  -2.42  0.7517673186470301
-0.4  -2.24  0.7467832011190828
-0.4  -2.06  0.7397098420621943
-0.4  -1.88  0.7297141403999206
-0.4  -1.7  0.7156742856896106
-0.4  -1.52  0.6961235028957765
-0.4  -1.34  0.6692292359879237
-0.4  -1.16  0.6328642364889429
-0.4  -0.98  0.584861507276802
-0.4  -0.8  0.523568430544944
-0.4  -0.62  0.4487698764387795
-0.4  -0.44  0.36284207504707466
-0.4  -0.26  0.27158374182266776
-0.4  -0.08  0.18379328279152587
-0.4  0.1  0.10897979034601507
-0.4  0.28  0.053960824656841294
-0.4  0.46  0.02033810622417178
-0.4  0.64  0.004384854001044518
-0.4  0.82  -0.0006226318789544973
-0.4  1.  -0.0009937411765369283