-1.2  -7.82  0.9401087278910353
-1.2  -7.64  0.9401086054909911
-1.2  -7.46  0.9401084300353112
-1.2  -7.28  0.9401081785654106
-1.2  -7.1  0.9401078181224929
-1.2  -6.92  0.94010730149746
-1.2  -6.74  0.9401065609937933
-1.2  -6.56  0.9401054996145618
-1.2  -6.38  0.9401039783095907
-1.2  -6.2  0.9401017977815856
-1.2  -6.02  0.9400986723792664
-1.2  -5.84  0.9400941926695183
-1.2  -5.66  0.9400877718172237
-1.2  -5.48  0.9400785687147268
-1.2  -5.3  0.9400653778326158
-1.2  -5.12  0.9400464713537359
-1.2  -4.94  0.9400193729646422
-1.2  -4.76  0.9399805337367179
-1.2  -4.58  0.9399248700682472
-1.2  -4.4  0.9398450895754334
-1.2  -4.22  0.9397307524936063
-1.2  -4.04  0.9395668996054971
-1.2  -3.86  0.9393321044469767
-1.2  -3.68  0.9389956958671903
-1.2  -3.5  0.9385137724259632
-1.2  -3.32  0.9378235522090259
-1.2  -3.14  0.9368353374232877
-1.2  -2.96  0.9354211551410152
-1.2  -2.78  0.9333987783036732
-1.2  -2.6  0.9305094860078446
-1.2  -2.42  0.926387527953606
-1.2  -2.24  0.9205188106055081
-1.2  -2.06  0.9121872125672421
-1.2  -1.88  0.900407708858363
-1.2  -1.7  0.8838507795363651
-1.2  -1.52  0.860771797590497
-1.2  -1.34  0.8289783907928318
-1.2  -1.16  0.7859001283105963
-1.2  -0.98  0.7288667412504771
-1.2  -0.8  0.6557318107269903
-1.2  -0.62  0.5659354807459801
-1.2  -0.44  0.4618755432163208
-1.2  -0.26  0.34999022961331744
-1.2  -0.08  0.2405017921363506
-1.2  0.1  0.14503182107997697
-1.2  0.28  0.07273042708150913
-1.2  0.46  0.026971341684148012
-1.2  0.64  0.004453787650858731
-1.2  0.82  -0.0027074305458343003
-1.2  1.  -0.0028649353682407724