-1.6  -7.82  0.9707587941750798
-1.6  -7.64  0.9707586688830291
-1.6  -7.46  0.9707584892843034
-1.6  -7.28  0.9707582318615708
-1.6  -7.1  0.9707578628964347
-1.6  -6.92  0.9707573340513088
-1.6  -6.74  0.9707565760352588
-1.6  -6.56  0.9707554895568579
-1.6  -6.38  0.9707539322741042
-1.6  -6.2  0.9707517001792397
-1.6  -6.02  0.9707485008650003
-1.6  -5.84  0.9707439152151298
-1.6  -5.66  0.9707373425165089
-1.6  -5.48  0.9707279217701916
-1.6  -5.3  0.9707144189361462
-1.6  -5.12  0.9706950653348496
-1.6  -4.94  0.9706673260870193
-1.6  -4.76  0.9706275683285039
-1.6  -4.58  0.9705705859001503
-1.6  -4.4  0.9704889185742466
-1.6  -4.22  0.9703718773165813
-1.6  -4.04  0.9702041492914975
-1.6  -3.86  0.9699638028928487
-1.6  -3.68  0.9696194362090624
-1.6  -3.5  0.9691261110627188
-1.6  -3.32  0.9684195585288474
-1.6  -3.14  0.9674079545282667
-1.6  -2.96  0.965960287331548
-1.6  -2.78  0.9638899994888004
-1.6  -2.6  0.960932226337168
-1.6  -2.42  0.9567124405442633
-1.6  -2.24  0.9507042399450529
-1.6  -2.06  0.9421741965627984
-1.6  -1.88  0.930113258039457
-1.6  -1.7  0.9131590201419135
-1.6  -1.52  0.8895226921756969
-1.6  -1.34  0.85695459943659
-1.6  -1.16  0.8128132350262107
-1.6  -0.98  0.7543467797768075
-1.6  -0.8  0.6793271072154737
-1.6  -0.62  0.587133726554099
-1.6  -0.44  0.4801585681408551
-1.6  -0.26  0.36492987848058994
-1.6  -0.08  0.25188419886197405
-1.6  0.1  0.15297376961906586
-1.6  0.28  0.07772715686717938
-1.6  0.46  0.029821027774456617
-1.6  0.64  0.006047166036171096
-1.6  0.82  -0.0016525363877513389
-1.6  1.  -0.0019648068178926793