-2.  -7.82  0.9860325263679954
-2.  -7.64  0.9860323997497561
-2.  -7.46  0.9860322182444807
-2.  -7.28  0.986031958078718
-2.  -7.1  0.9860315851864235
-2.  -6.92  0.9860310507142792
-2.  -6.74  0.9860302846356274
-2.  -6.56  0.9860291865956203
-2.  -6.38  0.9860276127431724
-2.  -6.2  0.9860253568996643
-2.  -6.02  0.9860221235456612
-2.  -5.84  0.9860174891053489
-2.  -5.66  0.9860108464740324
-2.  -5.48  0.9860013254925611
-2.  -5.3  0.9859876789900659
-2.  -5.12  0.9859681194678266
-2.  -4.94  0.9859400850743123
-2.  -4.76  0.985899904289004
-2.  -4.58  0.9858423155530162
-2.  -4.4  0.9857597792482529
-2.  -4.22  0.9856414925804173
-2.  -4.04  0.9854719797245107
-2.  -3.86  0.9852290754356833
-2.  -3.68  0.984881058180706
-2.  -3.5  0.9843824677729162
-2.  -3.32  0.9836685515216517
-2.  -3.14  0.98264617525381
-2.  -2.96  0.9811829276865706
-2.  -2.78  0.9790905800073832
-2.  -2.6  0.9761012568787587
-2.  -2.42  0.9718364144288477
-2.  -2.24  0.9657639680807577
-2.  -2.06  0.9571425140498895
-2.  -1.88  0.9449519253791726
-2.  -1.7  0.9278146098174554
-2.  -1.52  0.9039214752123423
-2.  -1.34  0.8709963069827804
-2.  -1.16  0.8263647496345545
-2.  -0.98  0.7672371769116082
-2.  -0.8  0.6913473704381133
-2.  -0.62  0.5980461352641633
-2.  -0.44  0.48972158504383323
-2.  -0.26  0.37294169885479084
-2.  -0.08  0.25824000803848374
-2.  0.1  0.15771944546482705
-2.  0.28  0.08108204498517288
-2.  0.46  0.0321440018605763
-2.  0.64  0.007739728496441914
-2.  0.82  -0.0002698263359170315
-2.  1.  -0.0007283631718154738