-3.  -7.82  0.9979756055897326
-3.  -7.64  0.9979754780066165
-3.  -7.46  0.9979752951383315
-3.  -7.28  0.997975033012742
-3.  -7.1  0.9979746573104745
-3.  -6.92  0.9979741188123272
-3.  -6.74  0.9979733469628611
-3.  -6.56  0.9979722406507325
-3.  -6.38  0.9979706549439415
-3.  -6.2  0.9979683821059754
-3.  -6.02  0.9979651243949043
-3.  -5.84  0.9979604550425718
-3.  -5.66  0.99795376237185
-3.  -5.48  0.9979441696672373
-3.  -5.3  0.9979304203634182
-3.  -5.12  0.9979107134890839
-3.  -4.94  0.9978824679054481
-3.  -4.76  0.9978419844252224
-3.  -4.58  0.9977839618483849
-3.  -4.4  0.9977008037493538
-3.  -4.22  0.9975816259328929
-3.  -4.04  0.9974108359469404
-3.  -3.86  0.997166101461157
-3.  -3.68  0.9968154474582149
-3.  -3.5  0.9963131139482976
-3.  -3.32  0.9955936571617838
-3.  -3.14  0.9945635727075295
-3.  -2.96  0.9930894486177622
-3.  -2.78  0.9909813147021947
-3.  -2.6  0.9879694146199542
-3.  -2.42  0.9836723332849638
-3.  -2.24  0.9775539108357628
-3.  -2.06  0.968867039639065
-3.  -1.88  0.956583662635875
-3.  -1.7  0.939315327015985
-3.  -1.52  0.9152383538899264
-3.  -1.34  0.8820575458995633
-3.  -1.16  0.8370749632061841
-3.  -0.98  0.7774737998047976
-3.  -0.8  0.7009603643298367
-3.  -0.62  0.6068645592856459
-3.  -0.44  0.49757118223500046
-3.  -0.26  0.3796757364502062
-3.  -0.08  0.2637802461675554
-3.  0.1  0.16209426356288473
-3.  0.28  0.08444301422387326
-3.  0.46  0.03474170990807963
-3.  0.64  0.009854319597495144
-3.  0.82  0.0015823016904814799
-3.  1.  0.0009675324841312916