-3.2  -7.82  0.9986362213811415
-3.2  -7.64  0.9986360936814995
-3.2  -7.46  0.9986359108016454
-3.2  -7.28  0.9986356485802808
-3.2  -7.1  0.9986352727278929
-3.2  -6.92  0.9986347340215854
-3.2  -6.74  0.9986339618727058
-3.2  -6.56  0.9986328551311634
-3.2  -6.38  0.9986312688086221
-3.2  -6.2  0.9986289950881178
-3.2  -6.02  0.9986257361120976
-3.2  -5.84  0.998621064946454
-3.2  -5.66  0.9986143696768037
-3.2  -5.48  0.9986047732472981
-3.2  -5.3  0.9985910186043193
-3.2  -5.12  0.9985713040836097
-3.2  -4.94  0.9985430475315229
-3.2  -4.76  0.9985025483303415
-3.2  -4.58  0.9984445040538652
-3.2  -4.4  0.9983613136600481
-3.2  -4.22  0.9982420895590535
-3.2  -4.04  0.9980712332414163
-3.2  -3.86  0.9978264036531508
-3.2  -3.68  0.9974756133484867
-3.2  -3.5  0.9969730847193942
-3.2  -3.32  0.9962533620186418
-3.2  -3.14  0.9952228636770392
-3.2  -2.96  0.9937481674246348
-3.2  -2.78  0.9916392135158619
-3.2  -2.6  0.9886261399943671
-3.2  -2.42  0.9843273838821365
-3.2  -2.24  0.9782065736693308
-3.2  -2.06  0.9695163046796672
-3.2  -1.88  0.9572281081743189
-3.2  -1.7  0.9399529665568845
-3.2  -1.52  0.9158664436239101
-3.2  -1.34  0.882672354859271
-3.2  -1.16  0.8376715344543594
-3.2  -0.98  0.7780457605370523
-3.2  -0.8  0.7014999089228763
-3.2  -0.62  0.6073627868990162
-3.2  -0.44  0.49801900333188953
-3.2  -0.26  0.3800654697611292
-3.2  -0.08  0.26410773201585247
-3.2  0.1  0.1623608504031901
-3.2  0.28  0.08465641162160852
-3.2  0.46  0.03491473335368956
-3.2  0.64  0.010001275626233517
-3.2  0.82  0.0017143585644323871
-3.2  1.  0.001089814801836981