-4.2  -7.82  0.9998134107222414
-4.2  -7.64  0.9998132829807286
-4.2  -7.46  0.9998130999175014
-4.2  -7.28  0.9998128375225755
-4.2  -7.1  0.9998124614148505
-4.2  -6.92  0.9998119223391908
-4.2  -6.74  0.999811149662896
-4.2  -6.56  0.9998100421653973
-4.2  -6.38  0.9998084547598822
-4.2  -6.2  0.9998061794855507
-4.2  -6.02  0.9998029182836135
-4.2  -5.84  0.9997982439272863
-4.2  -5.66  0.9997915440843265
-4.2  -5.48  0.9997819410998775
-4.2  -5.3  0.9997681770615545
-4.2  -5.12  0.9997484490744913
-4.2  -4.94  0.9997201732210556
-4.2  -4.76  0.9996796463556027
-4.2  -4.58  0.9996215615964261
-4.2  -4.4  0.9995383143756985
-4.2  -4.22  0.9994190088309849
-4.2  -4.04  0.9992480357940262
-4.2  -3.86  0.9990030398555174
-4.2  -3.68  0.9986520099661171
-4.2  -3.5  0.9981491378832648
-4.2  -3.32  0.9974289097159212
-4.2  -3.14  0.996397720419655
-4.2  -2.96  0.9949220146718126
-4.2  -2.78  0.9928116175720357
-4.2  -2.6  0.9897964809634666
-4.2  -2.42  0.9854947782169016
-4.2  -2.24  0.9793697661371065
-4.2  -2.06  0.9706735178154591
-4.2  -1.88  0.9583768401822846
-4.2  -1.7  0.9410897222307776
-4.2  -1.52  0.9169863938888306
-4.2  -1.34  0.8837689340635406
-4.2  -1.16  0.8387360172047973
-4.2  -0.98  0.7790669320739751
-4.2  -0.8  0.7024640310109801
-4.2  -0.62  0.6082541903805553
-4.2  -0.44  0.49882168309425295
-4.2  -0.26  0.38076591981555746
-4.2  -0.08  0.2646985531091728
-4.2  0.1  0.1628444078522055
-4.2  0.28  0.08504622360448578
-4.2  0.46  0.0352332951431863
-4.2  0.64  0.010273698102886976
-4.2  0.82  0.001960193374374699
-4.2  1.  0.0013179613739537038