-5.2  -7.82  0.9999744520940275
-5.2  -7.64  0.9999743243405459
-5.2  -7.46  0.99997414125842
-5.2  -7.28  0.9999738788402013
-5.2  -7.1  0.9999735026975761
-5.2  -6.92  0.9999729635724666
-5.2  -6.74  0.9999721908246351
-5.2  -6.56  0.9999710832248768
-5.2  -6.38  0.9999694956725427
-5.2  -6.2  0.9999672201878638
-5.2  -6.02  0.9999639586844029
-5.2  -5.84  0.9999592838960074
-5.2  -5.66  0.9999525834336439
-5.2  -5.48  0.9999429795614151
-5.2  -5.3  0.9999292142506337
-5.2  -5.12  0.9999094844397295
-5.2  -4.94  0.9998812059722185
-5.2  -4.76  0.9998406753600433
-5.2  -4.58  0.9997825852308599
-5.2  -4.4  0.9996993303136612
-5.2  -4.22  0.9995800137384525
-5.2  -4.04  0.9994090248933727
-5.2  -3.86  0.999164006251763
-5.2  -3.68  0.9988129439025047
-5.2  -3.5  0.9983100252985878
-5.2  -3.32  0.9975897305009513
-5.2  -3.14  0.9965584458024519
-5.2  -2.96  0.9950826034600614
-5.2  -2.78  0.9929720110388499
-5.2  -2.6  0.9899565948523039
-5.2  -2.42  0.9856544930526003
-5.2  -2.24  0.9795289117012647
-5.2  -2.06  0.9708318538179022
-5.2  -1.88  0.9585340276953845
-5.2  -1.7  0.9412452876937965
-5.2  -1.52  0.9171396834871883
-5.2  -1.34  0.8839190585088306
-5.2  -1.16  0.8388817948331735
-5.2  -0.98  0.7792068439551588
-5.2  -0.8  0.7025962162364239
-5.2  -0.62  0.6083765260775911
-5.2  -0.44  0.4989320008450483
-5.2  -0.26  0.3808623854702545
-5.2  -0.08  0.26478017014891425
-5.2  0.1  0.16291148745448217
-5.2  0.28  0.08510059308917362
-5.2  0.46  0.035277994804124115
-5.2  0.64  0.01031212606627116
-5.2  0.82  0.0019949772192527546
-5.2  1.  0.0013503004948133778