-6.8  -7.82  0.9999986704286584
-6.8  -7.64  0.9999985426724367
-6.8  -7.46  0.999998359589223
-6.8  -7.28  0.9999980971669475
-6.8  -7.1  0.9999977210189511
-6.8  -6.92  0.9999971818863912
-6.8  -6.74  0.9999964091276905
-6.8  -6.56  0.9999953015124446
-6.8  -6.38  0.9999937139382093
-6.8  -6.2  0.9999914384219788
-6.8  -6.02  0.9999881768732694
-6.8  -5.84  0.9999835020199677
-6.8  -5.66  0.999976801464605
-6.8  -5.48  0.9999671974590808
-6.8  -5.3  0.9999534319572495
-6.8  -5.12  0.9999337018725195
-6.8  -4.94  0.9999054230125262
-6.8  -4.76  0.9998648918378059
-6.8  -4.58  0.9998068009023539
-6.8  -4.4  0.9997235448295844
-6.8  -4.22  0.9996042265982181
-6.8  -4.04  0.9994332353796628
-6.8  -3.86  0.9991882133373438
-6.8  -3.68  0.9988371461136837
-6.8  -3.5  0.998334220523468
-6.8  -3.32  0.99761391573265
-6.8  -3.14  0.9965826166992425
-6.8  -2.96  0.9951067538489868
-6.8  -2.78  0.9929961320823131
-6.8  -2.6  0.9899806739706613
-6.8  -2.42  0.985678512227686
-6.8  -2.24  0.9795528454281094
-6.8  -2.06  0.9708556659709887
-6.8  -1.88  0.9585576673791948
-6.8  -1.7  0.9412686837803484
-6.8  -1.52  0.9171627378878608
-6.8  -1.34  0.8839416376637068
-6.8  -1.16  0.8389037213090195
-6.8  -0.98  0.7792278896358661
-6.8  -0.8  0.7026161014935467
-6.8  -0.62  0.6083949325144198
-6.8  -0.44  0.49894860276485853
-6.8  -0.26  0.38087690736987306
-6.8  -0.08  0.2647924622359639
-6.8  0.1  0.1629215966357203
-6.8  0.28  0.08510879350385493
-6.8  0.46  0.03528474286798294
-6.8  0.64  0.01031793108626025
-6.8  0.82  0.0020002351157466965
-6.8  1.  0.001355190920395794