-7.4  -7.82  0.9999993897603645
-7.4  -7.64  0.999999262005174
-7.4  -7.46  0.9999990789223755
-7.4  -7.28  0.9999988164995076
-7.4  -7.1  0.9999984403513558
-7.4  -6.92  0.9999979012185668
-7.4  -6.74  0.9999971284594465
-7.4  -6.56  0.9999960208438428
-7.4  -6.38  0.9999944332689669
-7.4  -6.2  0.9999921577517905
-7.4  -6.02  0.9999888962017335
-7.4  -5.84  0.9999842213465086
-7.4  -5.66  0.9999775207883872
-7.4  -5.48  0.9999679167789052
-7.4  -5.3  0.9999541512713934
-7.4  -5.12  0.9999344211785383
-7.4  -4.94  0.9999061423068889
-7.4  -4.76  0.9998656111154619
-7.4  -4.58  0.9998075201560663
-7.4  -4.4  0.9997242640489813
-7.4  -4.22  0.9996049457684401
-7.4  -4.04  0.9994339544794029
-7.4  -3.86  0.999188932336066
-7.4  -3.68  0.9988378649676899
-7.4  -3.5  0.9983349391701055
-7.4  -3.32  0.9976146340822559
-7.4  -3.14  0.9965833346234498
-7.4  -2.96  0.9951074711641945
-7.4  -2.78  0.992996848526143
-7.4  -2.6  0.9899813891686581
-7.4  -2.42  0.9856792256469593
-7.4  -2.24  0.9795535563093358
-7.4  -2.06  0.9708563732417115
-7.4  -1.88  0.9585583695285912
-7.4  -1.7  0.9412693786977726
-7.4  -1.52  0.9171634226572312
-7.4  -1.34  0.8839423083200628
-7.4  -1.16  0.8389043725834712
-7.4  -0.98  0.7792285147552032
-7.4  -0.8  0.7026166921604262
-7.4  -0.62  0.6083954792639854
-7.4  -0.44  0.4989490959268593
-7.4  -0.26  0.3808773387643307
-7.4  -0.08  0.264792827414344
-7.4  0.1  0.1629218969893704
-7.4  0.28  0.08510903716658608
-7.4  0.46  0.03528494340743175
-7.4  0.64  0.01031810361237533
-7.4  0.82  0.002000391399488894
-7.4  1.  0.001355336272550426