-7.6  -7.82  0.9999994919757651
-7.6  -7.64  0.9999993642194644
-7.6  -7.46  0.999999181137735
-7.6  -7.28  0.9999989187146888
-7.6  -7.1  0.9999985425665715
-7.6  -6.92  0.9999980034337483
-7.6  -6.74  0.9999972306745833
-7.6  -6.56  0.9999961230589149
-7.6  -6.38  0.9999945354839452
-7.6  -6.2  0.9999922599666388
-7.6  -6.02  0.9999889984163896
-7.6  -5.84  0.9999843235608883
-7.6  -5.66  0.999977623002385
-7.6  -5.48  0.9999680189923287
-7.6  -5.3  0.9999542534840227
-7.6  -5.12  0.9999345233899989
-7.6  -4.94  0.9999062445166991
-7.6  -4.76  0.999865713322898
-7.6  -4.58  0.9998076223601052
-7.6  -4.4  0.999724366248135
-7.6  -4.22  0.9996050479606037
-7.6  -4.04  0.9994340566615468
-7.6  -3.86  0.999189034503875
-7.6  -3.68  0.998837967114931
-7.6  -3.5  0.9983350412878783
-7.6  -3.32  0.9976147361578203
-7.6  -3.14  0.9965834366385737
-7.6  -2.96  0.9951075730927841
-7.6  -2.78  0.9929969503309106
-7.6  -2.6  0.9899814907963926
-7.6  -2.42  0.9856793270218488
-7.6  -2.24  0.9795536573236641
-7.6  -2.06  0.9708564737429983
-7.6  -1.88  0.958558469302169
-7.6  -1.7  0.9412694774437173
-7.6  -1.52  0.9171635199611688
-7.6  -1.34  0.8839424036185796
-7.6  -1.16  0.838904465127917
-7.6  -0.98  0.7792286035831056
-7.6  -0.8  0.702616776092777
-7.6  -0.62  0.6083955569558257
-7.6  -0.44  0.49894916600411904
-7.6  -0.26  0.380877400064655
-7.6  -0.08  0.26479287930559414
-7.6  0.1  0.16292193966932805
-7.6  0.28  0.08510907179193872
-7.6  0.46  0.03528497190407335
-7.6  0.64  0.010318128129375234
-7.6  0.82  0.002000413607537125
-7.6  1.  0.0013553569272432612