0.4  -7.82  0.3098332560140679
0.4  -7.64  0.3098332052833245
0.4  -7.46  0.3098331325620293
0.4  -7.28  0.3098330283301465
0.4  -7.1  0.3098328789329395
0.4  -6.92  0.3098326647975744
0.4  -6.74  0.3098323578691411
0.4  -6.56  0.30983191794182424
0.4  -6.38  0.3098312873827675
0.4  -6.2  0.30983038358554754
0.4  -6.02  0.3098290881521046
0.4  -5.84  0.30982723138032153
0.4  -5.66  0.30982457003699615
0.4  -5.48  0.309820755501818
0.4  -5.3  0.309815288111501
0.4  -5.12  0.3098074517355327
0.4  -4.94  0.3097962200283918
0.4  -4.76  0.30978012211976647
0.4  -4.58  0.30975705020925937
0.4  -4.4  0.30972398404478463
0.4  -4.22  0.3096765964954383
0.4  -4.04  0.30960868922580026
0.4  -3.86  0.30951138592839506
0.4  -3.68  0.3093719799777925
0.4  -3.5  0.30917229427476867
0.4  -3.32  0.30888633867345067
0.4  -3.14  0.3084770056502693
0.4  -2.96  0.307891396214335
0.4  -2.78  0.3070542784501099
0.4  -2.6  0.30585902059533876
0.4  -2.42  0.30415524426499324
0.4  -2.24  0.30173237714514634
0.4  -2.06  0.2982986369326648
0.4  -1.88  0.2934558867584217
0.4  -1.7  0.2866731485257992
0.4  -1.52  0.27726664291849923
0.4  -1.34  0.26440289055568245
0.4  -1.16  0.24715598242305523
0.4  -0.98  0.2246660754331975
0.4  -0.8  0.19645160985809537
0.4  -0.62  0.1628872401920477
0.4  -0.44  0.12572406913566214
0.4  -0.26  0.08829531032733169
0.4  -0.08  0.05491016009067883
0.4  0.1  0.029301227859722223
0.4  0.28  0.012937390688212999
0.4  0.46  0.004541807188642761
0.4  0.64  0.0012312786342997845
0.4  0.82  0.00026159524256319657
0.4  1.  0.00004167119345759071