0.  -7.82  0.5661040403173834
0.  -7.64  0.5661039581550594
0.  -7.46  0.5661038403850199
0.  -7.28  0.5661036715822414
0.  -7.1  0.5661034296304561
0.  -6.92  0.5661030828396449
0.  -6.74  0.5661025857677695
0.  -6.56  0.5661018733039578
0.  -6.38  0.5661008521101062
0.  -6.2  0.5660993884068839
0.  -6.02  0.5660972904464753
0.  -5.84  0.5660942833934676
0.  -5.66  0.566089973334391
0.  -5.48  0.5660837956627045
0.  -5.3  0.5660749411661699
0.  -5.12  0.5660622500473795
0.  -4.94  0.5660440616276572
0.  -4.76  0.5660179906584776
0.  -4.58  0.5659806248992936
0.  -4.4  0.5659270726511888
0.  -4.22  0.5658503253042992
0.  -4.04  0.5657403429799052
0.  -3.86  0.565582747059061
0.  -3.68  0.5653569526248693
0.  -3.5  0.565033504550908
0.  -3.32  0.5645702862596282
0.  -3.14  0.5639071410388115
0.  -2.96  0.5629582734990238
0.  -2.78  0.5616015954274243
0.  -2.6  0.5596639026084469
0.  -2.42  0.5569006071133824
0.  -2.24  0.5529685656857725
0.  -2.06  0.5473909148550711
0.  -1.88  0.539514266096585
0.  -1.7  0.5284616248677175
0.  -1.52  0.5130922145807759
0.  -1.34  0.4919925311615794
0.  -1.16  0.4635453399065008
0.  -0.98  0.42615084581234525
0.  -0.8  0.37868930188903605
0.  -0.62  0.3212689388059782
0.  -0.44  0.2561195633728864
0.  -0.26  0.18814282163389387
0.  -0.08  0.12435331054190148
0.  0.1  0.071800044151547
0.  0.28  0.03480636550801305
0.  0.46  0.013345239252732595
0.  0.64  0.00365770791402999
0.  0.82  0.0005888229315446613
0.  1.  0.000050822864176232515