1.  -7.82  0.0417421432796287
1.  -7.64  0.04174213410433174
1.  -7.46  0.04174212095268599
1.  -7.28  0.041742102101611694
1.  -7.1  0.04174207508233353
1.  -6.92  0.04174203635453027
1.  -6.74  0.0417419808448883
1.  -6.56  0.04174190128155899
1.  -6.38  0.04174178724140119
1.  -6.2  0.04174162378478556
1.  -6.02  0.04174138949878707
1.  -5.84  0.041741053692246816
1.  -5.66  0.0417405723758579
1.  -5.48  0.04173988250126086
1.  -5.3  0.041738893703668664
1.  -5.12  0.04173747647633413
1.  -4.94  0.041735445215735446
1.  -4.76  0.041732533925291394
1.  -4.58  0.041728361451046025
1.  -4.4  0.041722381721596986
1.  -4.22  0.041713812392503664
1.  -4.04  0.04170153299444537
1.  -3.86  0.041683936264394116
1.  -3.68  0.041658732237110196
1.  -3.5  0.04162263547888187
1.  -3.32  0.04157095475749763
1.  -3.14  0.041496998646923106
1.  -2.96  0.04139123959656382
1.  -2.78  0.04124015326822605
1.  -2.6  0.041024621751937135
1.  -2.42  0.04071778561106546
1.  -2.24  0.040282249338085406
1.  -2.06  0.039666624495399594
1.  -1.88  0.03880166447016059
1.  -1.7  0.037596783630997714
1.  -1.52  0.03593885353599299
1.  -1.34  0.033697016790937805
1.  -1.16  0.03073988869639
1.  -0.98  0.02697375872479953
1.  -0.8  0.022408424488141513
1.  -0.62  0.017243219576597447
1.  -0.44  0.011931211146070915
1.  -0.26  0.007135732951208056
1.  -0.08  0.0035025723230538283
1.  0.1  0.0013198906795174265
1.  0.28  0.00035122452668872407
1.  0.46  0.00006024390684376117
1.  0.64  6.457790012061861e-6
1.  0.82  7.332247278474737e-7
1.  1.  1.2752485038260892e-7