1.6  -7.82  0.00032128193868281006
1.6  -7.64  0.00032128183790677654
1.6  -7.46  0.00032128169346652696
1.6  -7.28  0.00032128148643115136
1.6  -7.1  0.00032128118968531604
1.6  -6.92  0.00032128076434909835
1.6  -6.74  0.00032128015470330937
1.6  -6.56  0.0003212792808817822
1.6  -6.38  0.00032127802841264207
1.6  -6.2  0.00032127623322012383
1.6  -6.02  0.0003212736601358099
1.6  -5.84  0.000321269972094916
1.6  -5.66  0.00032126468599267394
1.6  -5.48  0.00032125710942151425
1.6  -5.3  0.0003212462500167797
1.6  -5.12  0.0003212306856005311
1.6  -4.94  0.00032120837795040884
1.6  -4.76  0.0003211764064980486
1.6  -4.58  0.00032113058535899975
1.6  -4.4  0.0003210649217761694
1.6  -4.22  0.000320970828270214
1.6  -4.04  0.0003208360108058052
1.6  -3.86  0.00032064287417168393
1.6  -3.68  0.0003203662502732386
1.6  -3.5  0.00031997018136714384
1.6  -3.32  0.0003194033548453602
1.6  -3.14  0.0003185926891125379
1.6  -2.96  0.00031743439945978113
1.6  -2.78  0.00031578166037923736
1.6  -2.6  0.0003134280470461847
1.6  -2.42  0.0003100856180305483
1.6  -2.24  0.00030535809592780545
1.6  -2.06  0.00029870977012672257
1.6  -1.88  0.0002894368286983129
1.6  -1.7  0.0002766545798497586
1.6  -1.52  0.00025932914089731246
1.6  -1.34  0.0002364038590779706
1.6  -1.16  0.00020709193120755086
1.6  -0.98  0.0001714007059713397
1.6  -0.8  0.0001308529406324985
1.6  -0.62  0.00008908981778099075
1.6  -0.44  0.000051615136891757905
1.6  -0.26  0.000023873349931111828
1.6  -0.08  8.117439510241698e-6
1.6  0.1  1.8490147284185368e-6
1.6  0.28  2.6029133234802013e-7
1.6  0.46  1.9218455988203197e-8
1.6  0.64  5.843053416507097e-10
1.6  0.82  2.051455813432545e-11
1.6  1.  -4.6885423265302155e-11