0.4  20.  9.611725904447148e-8
0.4  40.  2.904896497726195e-6
0.4  60.  0.000020088453015338378
0.4  80.  0.00007450538807994018
0.4  100.  0.0001939660201748471
0.4  120.  0.0004003312581335186
0.4  140.  0.0006999398605560757
0.4  160.  0.001079428004003604
0.4  180.  0.0015075179124336207
0.4  200.  0.0019409079139090697
0.4  220.  0.0023317876199447215
0.4  240.  0.0026350492086885916
0.4  260.  0.002814026840497855
0.4  280.  0.0028442489236304154
0.4  300.  0.00271504481532262
0.4  320.  0.0024292139071893275
0.4  340.  0.0020011561939444517
0.4  360.  0.0014540410849992345
0.4  380.  0.000816555543265693
0.4  400.  0.00011974373314288559
0.4  420.  -0.0006056995021750891
0.4  440.  -0.0013315707895015419
0.4  460.  -0.0020335108176936533
0.4  480.  -0.002691826558509654
0.4  500.  -0.0032915627007012384
0.4  520.  -0.003822375759066238
0.4  540.  -0.0042779885056428435
0.4  560.  -0.004655629786548962
0.4  580.  -0.004955724862261588
0.4  600.  -0.005178519172592266
0.4  620.  -0.005329051267091453
0.4  640.  -0.005411169194144308
0.4  660.  -0.005428839004031771
0.4  680.  -0.005388206075491048
0.4  700.  -0.00529404142047072
0.4  720.  -0.005149821435586015
0.4  740.  -0.004962850374020119
0.4  760.  -0.004735022424860012
0.4  780.  -0.004474240593110513
0.4  800.  -0.0041725445914675445
0.4  820.  -0.003857389208014254
0.4  840.  -0.003511813251460212
0.4  860.  -0.003149923906568521
0.4  880.  -0.0027610041910543803
0.4  900.  -0.0023716829580123465
0.4  920.  -0.0019627053317024146
0.4  940.  -0.0015540117523615005
0.4  960.  -0.0011334347931368034
0.4  980.  -0.0007235386365839883
0.4  1000.  -0.0003216224930839049