0.6  20.  6.497772763479634e-7
0.6  40.  0.000019609380965200702
0.6  60.  0.00013528401229597096
0.6  80.  0.0005001248544755025
0.6  100.  0.0012968008881785484
0.6  120.  0.0026640914701070847
0.6  140.  0.004634193671732055
0.6  160.  0.007108654699191877
0.6  180.  0.009875194457097787
0.6  200.  0.012650887501878892
0.6  220.  0.01513377021709012
0.6  240.  0.017049691229074
0.6  260.  0.018187286225365282
0.6  280.  0.01841847556756415
0.6  300.  0.017704653552702242
0.6  320.  0.016090576076641414
0.6  340.  0.013689329698276029
0.6  360.  0.010662220009559615
0.6  380.  0.00719725973734843
0.6  400.  0.0034892865693698597
0.6  420.  -0.0002762278653813088
0.6  440.  -0.003935014395722855
0.6  460.  -0.007351466471419487
0.6  480.  -0.010421193402973202
0.6  500.  -0.01307145130438577
0.6  520.  -0.015258316161520336
0.6  540.  -0.016961949684050577
0.6  560.  -0.018185922417885216
0.6  580.  -0.018949692732173035
0.6  600.  -0.01927026722944032
0.6  620.  -0.01919916473368288
0.6  640.  -0.018771641783269895
0.6  660.  -0.018027952844665334
0.6  680.  -0.017020687158379864
0.6  700.  -0.0158059236635897
0.6  720.  -0.014377900769684924
0.6  740.  -0.012811896211804926
0.6  760.  -0.01115033999210657
0.6  780.  -0.0094314448432124
0.6  800.  -0.007657923805026598
0.6  820.  -0.005880434252347403
0.6  840.  -0.004135094068550171
0.6  860.  -0.002454026577965253
0.6  880.  -0.0007658451923429136
0.6  900.  0.0007495586436584364
0.6  920.  0.0022050651682697753
0.6  940.  0.0035405155111923586
0.6  960.  0.004748521203383108
0.6  980.  0.005829023628399762
0.6  1000.  0.006591313444397468