5.  20.  9.060405461392883e-6
5.  40.  0.000252467285638786
5.  60.  0.0015235573665217093
5.  80.  0.004661905749357337
5.  100.  0.0094552934307117
5.  120.  0.014344124612707034
5.  140.  0.017391453740960183
5.  160.  0.017572634101242334
5.  180.  0.015248841218895061
5.  200.  0.011646294073477748
5.  220.  0.00800282683716763
5.  240.  0.005045883110900614
5.  260.  0.002961365346203585
5.  280.  0.0016239741989727866
5.  300.  0.0008241852378130999
5.  320.  0.0003797509305003821
5.  340.  0.00015798459144187511
5.  360.  0.00006498334426701359
5.  380.  0.00003359138085363405
5.  400.  0.000023084542400906075
5.  420.  0.
5.  440.  0.
5.  460.  0.
5.  480.  0.
5.  500.  0.
5.  520.  0.
5.  540.  0.
5.  560.  0.
5.  580.  0.
5.  600.  0.
5.  620.  0.
5.  640.  0.
5.  660.  0.
5.  680.  0.
5.  700.  0.
5.  720.  0.
5.  740.  0.
5.  760.  0.
5.  780.  0.
5.  800.  0.
5.  820.  0.
5.  840.  0.
5.  860.  0.
5.  880.  0.
5.  900.  0.
5.  920.  0.
5.  940.  0.
5.  960.  0.
5.  980.  0.
5.  1000.  0.