6.  20.  1.6858161814059864e-6
6.  40.  0.0000461974013338331
6.  60.  0.00027122022639944853
6.  80.  0.0007991254006151716
6.  100.  0.0015461376573624828
6.  120.  0.002219764972539761
6.  140.  0.0025315930566902206
6.  160.  0.002396814112960555
6.  180.  0.0019445467310374982
6.  200.  0.001384939283509097
6.  220.  0.0008813611478930874
6.  240.  0.0005068098610380579
6.  260.  0.0002650577097207334
6.  280.  0.00012704669952309818
6.  300.  0.000057153418035441176
6.  320.  0.00002510342485166503
6.  340.  0.000010036239148665928
6.  360.  4.421171041124854e-6
6.  380.  0.
6.  400.  0.
6.  420.  0.
6.  440.  0.
6.  460.  0.
6.  480.  0.
6.  500.  0.
6.  520.  0.
6.  540.  0.
6.  560.  0.
6.  580.  0.
6.  600.  0.
6.  620.  0.
6.  640.  0.
6.  660.  0.
6.  680.  0.
6.  700.  0.
6.  720.  0.
6.  740.  0.
6.  760.  0.
6.  780.  0.
6.  800.  0.
6.  820.  0.
6.  840.  0.
6.  860.  0.
6.  880.  0.
6.  900.  0.
6.  920.  0.
6.  940.  0.
6.  960.  0.
6.  980.  0.
6.  1000.  0.