8.2  20.  1.372158143764814e-8
8.2  40.  3.6173244736059773e-7
8.2  60.  1.99368336850452e-6
8.2  80.  5.392889653065144e-6
8.2  100.  9.394858834609024e-6
8.2  120.  0.00001194999092327491
8.2  140.  0.000011914892380177331
8.2  160.  9.745303632576197e-6
8.2  180.  6.746815524288748e-6
8.2  200.  4.046682998295e-6
8.2  220.  2.1430224082544716e-6
8.2  240.  1.0181654551642808e-6
8.2  260.  4.380054257653437e-7
8.2  280.  1.5817773656995047e-7
8.2  300.  6.214599576912376e-8
8.2  320.  2.2272445505502356e-8
8.2  340.  0.
8.2  360.  0.
8.2  380.  0.
8.2  400.  0.
8.2  420.  0.
8.2  440.  0.
8.2  460.  0.
8.2  480.  0.
8.2  500.  0.
8.2  520.  0.
8.2  540.  0.
8.2  560.  0.
8.2  580.  0.
8.2  600.  0.
8.2  620.  0.
8.2  640.  0.
8.2  660.  0.
8.2  680.  0.
8.2  700.  0.
8.2  720.  0.
8.2  740.  0.
8.2  760.  0.
8.2  780.  0.
8.2  800.  0.
8.2  820.  0.
8.2  840.  0.
8.2  860.  0.
8.2  880.  0.
8.2  900.  0.
8.2  920.  0.
8.2  940.  0.
8.2  960.  0.
8.2  980.  0.
8.2  1000.  0.