8.4  20.  8.347212733821434e-9
8.4  40.  2.1921603839665267e-7
8.4  60.  1.200781951578736e-6
8.4  80.  3.221360589366717e-6
8.4  100.  5.555793004331369e-6
8.4  120.  6.985996558863278e-6
8.4  140.  6.87749329401794e-6
8.4  160.  5.548230624351193e-6
8.4  180.  3.785188067163884e-6
8.4  200.  2.2358572060473835e-6
8.4  220.  1.1655233588454383e-6
8.4  240.  5.443359508628471e-7
8.4  260.  2.2971038282526136e-7
8.4  280.  8.864292738002534e-8
8.4  300.  3.136282136086253e-8
8.4  320.  1.1018954983067924e-8
8.4  340.  0.
8.4  360.  0.
8.4  380.  0.
8.4  400.  0.
8.4  420.  0.
8.4  440.  0.
8.4  460.  0.
8.4  480.  0.
8.4  500.  0.
8.4  520.  0.
8.4  540.  0.
8.4  560.  0.
8.4  580.  0.
8.4  600.  0.
8.4  620.  0.
8.4  640.  0.
8.4  660.  0.
8.4  680.  0.
8.4  700.  0.
8.4  720.  0.
8.4  740.  0.
8.4  760.  0.
8.4  780.  0.
8.4  800.  0.
8.4  820.  0.
8.4  840.  0.
8.4  860.  0.
8.4  880.  0.
8.4  900.  0.
8.4  920.  0.
8.4  940.  0.
8.4  960.  0.
8.4  980.  0.
8.4  1000.  0.