8.8  20.  3.013601972019472e-9
8.8  40.  7.853063589924572e-8
8.8  60.  4.2478695142555585e-7
8.8  80.  1.1205924147093587e-6
8.8  100.  1.893724317654247e-6
8.8  120.  2.3265970436299044e-6
8.8  140.  2.232710958130784e-6
8.8  160.  1.7522958656465844e-6
8.8  180.  1.1611562633737802e-6
8.8  200.  6.653648574777769e-7
8.8  220.  3.359534262102957e-7
8.8  240.  1.5147515060927552e-7
8.8  260.  6.15251834955817e-8
8.8  280.  2.2799817054569416e-8
8.8  300.  7.823155779072342e-9
8.8  320.  2.656741173297094e-9
8.8  340.  0.
8.8  360.  0.
8.8  380.  0.
8.8  400.  0.
8.8  420.  0.
8.8  440.  0.
8.8  460.  0.
8.8  480.  0.
8.8  500.  0.
8.8  520.  0.
8.8  540.  0.
8.8  560.  0.
8.8  580.  0.
8.8  600.  0.
8.8  620.  0.
8.8  640.  0.
8.8  660.  0.
8.8  680.  0.
8.8  700.  0.
8.8  720.  0.
8.8  740.  0.
8.8  760.  0.
8.8  780.  0.
8.8  800.  0.
8.8  820.  0.
8.8  840.  0.
8.8  860.  0.
8.8  880.  0.
8.8  900.  0.
8.8  920.  0.
8.8  940.  0.
8.8  960.  0.
8.8  980.  0.
8.8  1000.  0.