3.6  20.  0.00004457119317711057
3.6  40.  0.001273261309582982
3.6  60.  0.008010028812825457
3.6  80.  0.02598403468124628
3.6  100.  0.05681810896831121
3.6  120.  0.0944731625493558
3.6  140.  0.12750163054853345
3.6  160.  0.14533380569049956
3.6  180.  0.14363843848793753
3.6  200.  0.12540578826972187
3.6  220.  0.09812377583139895
3.6  240.  0.06970978867000795
3.6  260.  0.04563497819846545
3.6  280.  0.02810702541966511
3.6  300.  0.016804175156045546
3.6  320.  0.010159880026499288
3.6  340.  0.006436418298044403
3.6  360.  0.004287548475021321
3.6  380.  0.0028868517156392347
3.6  400.  0.0018467634048528127
3.6  420.  0.0010041717851793535
3.6  440.  0.00034689465713630093
3.6  460.  0.
3.6  480.  0.
3.6  500.  0.
3.6  520.  0.
3.6  540.  0.
3.6  560.  0.
3.6  580.  0.
3.6  600.  0.
3.6  620.  0.
3.6  640.  0.
3.6  660.  0.
3.6  680.  0.
3.6  700.  0.
3.6  720.  0.
3.6  740.  0.
3.6  760.  0.
3.6  780.  0.
3.6  800.  0.
3.6  820.  0.
3.6  840.  0.
3.6  860.  0.
3.6  880.  0.
3.6  900.  0.
3.6  920.  0.
3.6  940.  0.
3.6  960.  0.
3.6  980.  0.
3.6  1000.  0.