4.6  20.  0.000015823894232310566
4.6  40.  0.0004439513564026983
4.6  60.  0.0027096428930136907
4.6  80.  0.008422828100649477
4.6  100.  0.017427850082444317
4.6  120.  0.02707617924225784
4.6  140.  0.033727044797799616
4.6  160.  0.035086321222646946
4.6  180.  0.031368242091073396
4.6  200.  0.024659814563032182
4.6  220.  0.017412206689438003
4.6  240.  0.01128512899183479
4.6  260.  0.006859300431849252
4.6  280.  0.003973061156512104
4.6  300.  0.0021968217969080637
4.6  320.  0.0011369056647369319
4.6  340.  0.0005277499091637379
4.6  360.  0.00020800696203550603
4.6  380.  0.00007002769366499557
4.6  400.  0.00003843711375437315
4.6  420.  0.
4.6  440.  0.
4.6  460.  0.
4.6  480.  0.
4.6  500.  0.
4.6  520.  0.
4.6  540.  0.
4.6  560.  0.
4.6  580.  0.
4.6  600.  0.
4.6  620.  0.
4.6  640.  0.
4.6  660.  0.
4.6  680.  0.
4.6  700.  0.
4.6  720.  0.
4.6  740.  0.
4.6  760.  0.
4.6  780.  0.
4.6  800.  0.
4.6  820.  0.
4.6  840.  0.
4.6  860.  0.
4.6  880.  0.
4.6  900.  0.
4.6  920.  0.
4.6  940.  0.
4.6  960.  0.
4.6  980.  0.
4.6  1000.  0.