7.2  20.  1.4361147048503104e-7
7.2  40.  3.85560550838313e-6
7.2  60.  0.000021889575116349736
7.2  80.  0.00006162476698621153
7.2  100.  0.00011272786121829253
7.2  120.  0.00015167746096458068
7.2  140.  0.00016097727122475717
7.2  160.  0.00014095536113260422
7.2  180.  0.00010505016636862438
7.2  200.  0.00006813390662196779
7.2  220.  0.0000391076647683852
7.2  240.  0.000020171012575066223
7.2  260.  9.502557374487303e-6
7.2  280.  4.140105558105681e-6
7.2  300.  1.6664398690418277e-6
7.2  320.  5.678370247624517e-7
7.2  340.  2.0755398147167225e-7
7.2  360.  0.
7.2  380.  0.
7.2  400.  0.
7.2  420.  0.
7.2  440.  0.
7.2  460.  0.
7.2  480.  0.
7.2  500.  0.
7.2  520.  0.
7.2  540.  0.
7.2  560.  0.
7.2  580.  0.
7.2  600.  0.
7.2  620.  0.
7.2  640.  0.
7.2  660.  0.
7.2  680.  0.
7.2  700.  0.
7.2  720.  0.
7.2  740.  0.
7.2  760.  0.
7.2  780.  0.
7.2  800.  0.
7.2  820.  0.
7.2  840.  0.
7.2  860.  0.
7.2  880.  0.
7.2  900.  0.
7.2  920.  0.
7.2  940.  0.
7.2  960.  0.
7.2  980.  0.
7.2  1000.  0.